RRT:

	plan time1: 0.418812 seconds
	Translation: [0.185, 0.608, -0.127
	0.185, 0.608, -0.127
	0.185, 0.608, -0.127
	0.234, 0.579, -0.150
	0.323, 0.515, -0.180
	0.403, 0.441, -0.192
	0.475, 0.353, -0.188
	0.534, 0.255, -0.168
	0.579, 0.152, -0.132
	0.608, 0.045, -0.078
	0.621, -0.060, -0.008
	0.620, -0.156, 0.079
	0.606, -0.240, 0.183
	0.582, -0.302, 0.299
	0.555, -0.339, 0.421
	0.528, -0.349, 0.543
	0.509, -0.332, 0.657
	0.500, -0.293, 0.754
	0.503, -0.255, 0.812
	0.503, -0.255, 0.812
	0.503, -0.255, 0.812


	plan time2: 0.511562 seconds
	0.185, 0.608, -0.127
	0.185, 0.608, -0.127
	0.185, 0.608, -0.127
	0.223, 0.586, -0.145
	0.311, 0.525, -0.177
	0.396, 0.448, -0.192
	0.469, 0.361, -0.189
	0.530, 0.265, -0.171
	0.576, 0.161, -0.136
	0.606, 0.055, -0.084
	0.621, -0.050, -0.015
	0.621, -0.148, 0.071
	0.608, -0.232, 0.172
	0.585, -0.298, 0.288
	0.557, -0.337, 0.410
	0.531, -0.349, 0.531
	0.510, -0.335, 0.646
	0.501, -0.298, 0.746
	0.503, -0.255, 0.811
	0.504, -0.255, 0.812
	0.504, -0.255, 0.812


	plantime3: 1.598278
	0.185, 0.608, -0.127
	0.185, 0.608, -0.127
	0.185, 0.608, -0.127
	0.185, 0.608, -0.127
	0.222, 0.587, -0.145
	0.311, 0.525, -0.177
	0.395, 0.449, -0.192
	0.468, 0.363, -0.190
	0.529, 0.266, -0.171
	0.575, 0.164, -0.137
	0.606, 0.056, -0.085
	0.621, -0.049, -0.016
	0.621, -0.147, 0.070
	0.608, -0.232, 0.172
	0.585, -0.297, 0.286
	0.558, -0.337, 0.409
	0.531, -0.349, 0.529
	0.510, -0.335, 0.646
	0.501, -0.298, 0.745
	0.503, -0.255, 0.811
	0.503, -0.255, 0.812
	0.503, -0.255, 0.812

	plantime4: 0.502096
	0.503, -0.255, 0.812
	0.503, -0.255, 0.812
	0.503, -0.255, 0.812
	0.501, -0.280, 0.777
	0.505, -0.323, 0.686
	0.522, -0.347, 0.577
	0.546, -0.346, 0.461
	0.574, -0.317, 0.338
	0.599, -0.263, 0.219
	0.616, -0.185, 0.112
	0.622, -0.092, 0.019
	0.614, 0.011, -0.057
	0.590, 0.117, -0.116
	0.549, 0.226, -0.159
	0.496, 0.322, -0.184
	0.428, 0.413, -0.193
	0.348, 0.494, -0.185
	0.260, 0.562, -0.161
	0.186, 0.608, -0.127
	0.185, 0.608, -0.127
	0.185, 0.608, -0.127
	0.185, 0.608, -0.127

	plantime5: 1.592499
	0.185, 0.608, -0.127
	0.185, 0.608, -0.127
	0.185, 0.608, -0.127
	0.185, 0.608, -0.127
	0.220, 0.588, -0.144
	0.310, 0.526, -0.176
	0.393, 0.451, -0.191
	0.467, 0.364, -0.190
	0.528, 0.268, -0.171
	0.574, 0.166, -0.137
	0.605, 0.060, -0.087
	0.620, -0.047, -0.017
	0.621, -0.146, 0.068
	0.608, -0.231, 0.170
	0.586, -0.296, 0.284
	0.559, -0.336, 0.404
	0.531, -0.349, 0.529
	0.510, -0.335, 0.644
	0.501, -0.299, 0.743
	0.503, -0.256, 0.811
	0.503, -0.255, 0.812

SBL:
	plan1time: 1.575932
	0.503, -0.255, 0.812
	0.503, -0.255, 0.812
	0.503, -0.255, 0.812
	0.503, -0.255, 0.812
	0.501, -0.277, 0.781
	0.504, -0.320, 0.693
	0.520, -0.346, 0.585
	0.545, -0.346, 0.464
	0.573, -0.318, 0.340
	0.598, -0.264, 0.222
	0.616, -0.187, 0.114
	0.622, -0.095, 0.021
	0.614, 0.009, -0.056
	0.591, 0.115, -0.115
	0.552, 0.220, -0.157
	0.497, 0.320, -0.183
	0.429, 0.412, -0.193
	0.350, 0.493, -0.186
	0.263, 0.560, -0.162
	0.186, 0.607, -0.127
	0.185, 0.608, -0.127
	0.185, 0.608, -0.127

	plan2time: 3.531029
	0.185, 0.608, -0.127
	0.185, 0.608, -0.127
	0.185, 0.608, -0.127
	0.185, 0.608, -0.127
	0.185, 0.608, -0.127
	0.185, 0.608, -0.127
	0.185, 0.608, -0.127
	0.249, 0.570, -0.156
	0.338, 0.503, -0.183
	0.418, 0.424, -0.193
	0.488, 0.334, -0.186
	0.545, 0.235, -0.162
	0.586, 0.130, -0.122
	0.612, 0.024, -0.066
	0.622, -0.080, 0.008
	0.618, -0.175, 0.099
	0.602, -0.254, 0.205
	0.577, -0.312, 0.323
	0.549, -0.344, 0.446
	0.523, -0.348, 0.567
	0.506, -0.326, 0.678
	0.500, -0.284, 0.771
	0.503, -0.255, 0.812
	0.503, -0.255, 0.812


	plan3time: 0.630553
	0.503, -0.255, 0.812
	0.503, -0.255, 0.812
	0.503, -0.255, 0.812
	0.501, -0.271, 0.790
	0.503, -0.317, 0.703
	0.518, -0.344, 0.598
	0.542, -0.347, 0.477
	0.570, -0.323, 0.354
	0.596, -0.271, 0.234
	0.615, -0.197, 0.125
	0.622, -0.105, 0.030
	0.616, -0.003, -0.049
	0.594, 0.103, -0.110
	0.557, 0.209, -0.154
	0.504, 0.309, -0.181
	0.437, 0.402, -0.192
	0.359, 0.484, -0.187
	0.272, 0.554, -0.165
	0.188, 0.606, -0.128
	0.185, 0.608, -0.127
	0.185, 0.608, -0.127
	0.185, 0.608, -0.127


	plan4time: 0.956028
	0.185, 0.608, -0.127
	0.185, 0.608, -0.127
	0.185, 0.608, -0.127
	0.195, 0.603, -0.132
	0.284, 0.545, -0.169
	0.370, 0.474, -0.189
	0.448, 0.389, -0.192
	0.513, 0.295, -0.178
	0.563, 0.194, -0.148
	0.598, 0.090, -0.103
	0.618, -0.017, -0.039
	0.622, -0.119, 0.043
	0.613, -0.209, 0.140
	0.593, -0.280, 0.251
	0.566, -0.328, 0.370
	0.538, -0.349, 0.495
	0.515, -0.342, 0.613
	0.502, -0.311, 0.717
	0.502, -0.264, 0.800
	0.503, -0.255, 0.812
	0.503, -0.255, 0.812


	plan5time: 1.593615
	0.503, -0.255, 0.812
	0.503, -0.255, 0.812
	0.503, -0.255, 0.812
	0.503, -0.255, 0.812
	0.501, -0.275, 0.784
	0.504, -0.320, 0.695
	0.520, -0.346, 0.587
	0.544, -0.346, 0.467
	0.572, -0.319, 0.344
	0.598, -0.266, 0.225
	0.616, -0.190, 0.116
	0.622, -0.097, 0.023
	0.615, 0.006, -0.054
	0.591, 0.116, -0.116
	0.553, 0.217, -0.156
	0.499, 0.317, -0.183
	0.431, 0.409, -0.193
	0.352, 0.490, -0.186
	0.267, 0.558, -0.163
	0.186, 0.607, -0.128
	0.185, 0.608, -0.127
	0.185, 0.608, -0.127
	0.185, 0.608, -0.127


PRM:

	plan1time: 0.38164
	0.185, 0.608, -0.127
	0.185, 0.608, -0.127
	0.260, 0.563, -0.160
	0.348, 0.494, -0.185
	0.427, 0.414, -0.193
	0.496, 0.323, -0.184
	0.550, 0.223, -0.158
	0.588, 0.123, -0.119
	0.613, 0.016, -0.061
	0.622, -0.087, 0.014
	0.617, -0.182, 0.107
	0.600, -0.259, 0.214
	0.575, -0.315, 0.332
	0.547, -0.345, 0.456
	0.522, -0.347, 0.576
	0.505, -0.323, 0.686
	0.500, -0.280, 0.776
	0.503, -0.255, 0.812
	0.503, -0.255, 0.812
	0.503, -0.255, 0.812


	plan2time: 0.279928
	0.503, -0.255, 0.812
	0.503, -0.255, 0.812
	0.503, -0.255, 0.812
	0.500, -0.291, 0.758
	0.508, -0.330, 0.664
	0.527, -0.349, 0.549
	0.553, -0.341, 0.427
	0.581, -0.305, 0.305
	0.605, -0.243, 0.188
	0.619, -0.161, 0.084
	0.622, -0.064, -0.004
	0.609, 0.040, -0.076
	0.581, 0.147, -0.130
	0.537, 0.250, -0.166
	0.478, 0.348, -0.188
	0.407, 0.437, -0.192
	0.324, 0.514, -0.180
	0.235, 0.579, -0.150
	0.185, 0.608, -0.127
	0.185, 0.608, -0.127


	plan3time: 0.226149
	0.185, 0.608, -0.127
	0.185, 0.608, -0.127
	0.186, 0.608, -0.127
	0.266, 0.558, -0.163
	0.353, 0.489, -0.186
	0.432, 0.408, -0.193
	0.500, 0.316, -0.182
	0.554, 0.216, -0.156
	0.592, 0.110, -0.113
	0.615, 0.004, -0.053
	0.622, -0.098, 0.023
	0.616, -0.191, 0.118
	0.597, -0.267, 0.227
	0.572, -0.320, 0.346
	0.544, -0.346, 0.469
	0.519, -0.345, 0.589
	0.504, -0.319, 0.697
	0.501, -0.275, 0.784
	0.503, -0.255, 0.812
	0.503, -0.255, 0.812
	0.503, -0.255, 0.812


	plan4time: 0.16578
	0.503, -0.255, 0.812
	0.503, -0.255, 0.812
	0.503, -0.255, 0.811
	0.501, -0.299, 0.744
	0.511, -0.336, 0.642
	0.531, -0.349, 0.527
	0.558, -0.336, 0.404
	0.586, -0.295, 0.282
	0.608, -0.230, 0.168
	0.621, -0.144, 0.067
	0.620, -0.046, -0.019
	0.605, 0.060, -0.087
	0.574, 0.166, -0.138
	0.528, 0.268, -0.172
	0.468, 0.363, -0.190
	0.392, 0.452, -0.191
	0.309, 0.527, -0.176
	0.220, 0.588, -0.144
	0.185, 0.608, -0.127
	0.185, 0.608, -0.127
	0.185, 0.608, -0.127


	plan5time: 0.314222
	0.185, 0.608, -0.127
	0.185, 0.608, -0.127
	0.185, 0.608, -0.127
	0.185, 0.608, -0.127
	0.194, 0.603, -0.132
	0.284, 0.545, -0.169
	0.370, 0.474, -0.189
	0.446, 0.391, -0.192
	0.512, 0.296, -0.178
	0.563, 0.195, -0.149
	0.598, 0.089, -0.102
	0.618, -0.017, -0.039
	0.622, -0.118, 0.042
	0.613, -0.207, 0.138
	0.593, -0.279, 0.250
	0.566, -0.328, 0.370
	0.538, -0.349, 0.494
	0.515, -0.342, 0.612
	0.502, -0.312, 0.716
	0.502, -0.265, 0.799
	0.503, -0.255, 0.812
	0.503, -0.255, 0.812




