Ready to do stuff.
Heard /home/m/mico2178/Desktop/two_rectangles.svg
49.049646,63.078012,0
49.549646,63.078012,0
50.049646,63.078012,0
50.549646,63.078012,0
51.049646,63.078012,0
51.549646,63.078012,0
52.049646,63.078012,0
52.549646,63.078012,0
53.049646,63.078012,0
53.549646,63.078012,0
54.049646,63.078012,0
54.549646,63.078012,0
55.049646,63.078012,0
55.549646,63.078012,0
56.049646,63.078012,0
56.549646,63.078012,0
57.049646,63.078012,0
57.549646,63.078012,0
58.049646,63.078012,0
58.549646,63.078012,0
59.049646,63.078012,0
59.549646,63.078012,0
60.049646,63.078012,0
60.549646,63.078012,0
61.049646,63.078012,0
61.549646,63.078012,0
62.049646,63.078012,0
62.549646,63.078012,0
63.049646,63.078012,0
63.549646,63.078012,0
64.049646,63.078012,0
64.549646,63.078012,0
65.049646,63.078012,0
65.549646,63.078012,0
66.049646,63.078012,0
66.549646,63.078012,0
67.049646,63.078012,0
67.549646,63.078012,0
68.049646,63.078012,0
68.549646,63.078012,0
69.049646,63.078012,0
69.549646,63.078012,0
70.049646,63.078012,0
70.549646,63.078012,0
71.049646,63.078012,0
71.549646,63.078012,0
72.049646,63.078012,0
72.549646,63.078012,0
73.049646,63.078012,0
73.549646,63.078012,0
74.049646,63.078012,0
74.549646,63.078012,0
75.049646,63.078012,0
75.549646,63.078012,0
76.049646,63.078012,0
76.549646,63.078012,0
77.049646,63.078012,0
77.549646,63.078012,0
78.049646,63.078012,0
78.549646,63.078012,0
79.049646,63.078012,0
79.549646,63.078012,0
80.049646,63.078012,0
80.549646,63.078012,0
81.049646,63.078012,0
81.549646,63.078012,0
82.049646,63.078012,0
82.549646,63.078012,0
83.049646,63.078012,0
83.549646,63.078012,0
84.049646,63.078012,0
84.549646,63.078012,0
85.049646,63.078012,0
85.549646,63.078012,0
86.049646,63.078012,0
86.549646,63.078012,0
87.049646,63.078012,0
87.549646,63.078012,0
88.049646,63.078012,0
88.549646,63.078012,0
89.049646,63.078012,0
89.549646,63.078012,0
90.049646,63.078012,0
90.549646,63.078012,0
91.049646,63.078012,0
91.549646,63.078012,0
92.049646,63.078012,0
92.549646,63.078012,0
93.049646,63.078012,0
93.549646,63.078012,0
94.049646,63.078012,0
94.549646,63.078012,0
95.049646,63.078012,0
95.549646,63.078012,0
96.049646,63.078012,0
96.549646,63.078012,0
97.049646,63.078012,0
97.549646,63.078012,0
98.049646,63.078012,0
98.549646,63.078012,0
99.049646,63.078012,0
99.549646,63.078012,0
100.049646,63.078012,0
100.549646,63.078012,0
101.049646,63.078012,0
101.549646,63.078012,0
102.049646,63.078012,0
102.549646,63.078012,0
103.049646,63.078012,0
103.549646,63.078012,0
104.049646,63.078012,0
104.549646,63.078012,0
105.049646,63.078012,0
105.549646,63.078012,0
106.049646,63.078012,0
106.549646,63.078012,0
107.049646,63.078012,0
107.549646,63.078012,0
108.049646,63.078012,0
108.549646,63.078012,0
109.049646,63.078012,0
109.549646,63.078012,0
110.049646,63.078012,0
110.549646,63.078012,0
111.049646,63.078012,0
111.549646,63.078012,0
112.049646,63.078012,0
112.549646,63.078012,0
113.049646,63.078012,0
113.549646,63.078012,0
114.049646,63.078012,0
114.549646,63.078012,0
115.049646,63.078012,0
115.549646,63.078012,0
116.049646,63.078012,0
116.549646,63.078012,0
117.049646,63.078012,0
117.549646,63.078012,0
118.049646,63.078012,0
118.549646,63.078012,0
119.049646,63.078012,0
119.549646,63.078012,0
120.049646,63.078012,0
120.549646,63.078012,0
121.049646,63.078012,0
121.549646,63.078012,0
122.049646,63.078012,0
122.549646,63.078012,0
123.049646,63.078012,0
123.549646,63.078012,0
124.049646,63.078012,0
124.549646,63.078012,0
125.049646,63.078012,0
125.549646,63.078012,0
126.049646,63.078012,0
126.549646,63.078012,0
127.049646,63.078012,0
127.549646,63.078012,0
128.049646,63.078012,0
128.549646,63.078012,0
129.049646,63.078012,0
129.549646,63.078012,0
130.049646,63.078012,0
130.549646,63.078012,0
131.049646,63.078012,0
131.549646,63.078012,0
132.049646,63.078012,0
132.549646,63.078012,0
133.049646,63.078012,0
133.549646,63.078012,0
134.049646,63.078012,0
134.549646,63.078012,0
135.049646,63.078012,0
135.549646,63.078012,0
136.049646,63.078012,0
136.549646,63.078012,0
137.049646,63.078012,0
137.549646,63.078012,0
138.049646,63.078012,0
138.549646,63.078012,0
139.049646,63.078012,0
139.549646,63.078012,0
140.049646,63.078012,0
140.549646,63.078012,0
141.049646,63.078012,0
141.549646,63.078012,0
142.049646,63.078012,0
142.549646,63.078012,0
143.049646,63.078012,0
143.549646,63.078012,0
144.049646,63.078012,0
144.549646,63.078012,0
145.049646,63.078012,0
145.549646,63.078012,0
146.049646,63.078012,0
146.549646,63.078012,0
147.049646,63.078012,0
147.549646,63.078012,0
148.049646,63.078012,0
148.549646,63.078012,0
149.049646,63.078012,0
149.549646,63.078012,0
150.049646,63.078012,0
150.549646,63.078012,0
151.049646,63.078012,0
151.549646,63.078012,0
152.049646,63.078012,0
152.549646,63.078012,0
153.049646,63.078012,0
153.549646,63.078012,0
154.049646,63.078012,0
154.549646,63.078012,0
155.049646,63.078012,0
155.549646,63.078012,0
156.049646,63.078012,0
156.549646,63.078012,0
157.049646,63.078012,0
157.549646,63.078012,0
158.049646,63.078012,0
158.549646,63.078012,0
159.049646,63.078012,0
159.549646,63.078012,0
160.049646,63.078012,0
160.549646,63.078012,0
161.049646,63.078012,0
161.549646,63.078012,0
162.049646,63.078012,0
162.549646,63.078012,0
163.049646,63.078012,0
163.549646,63.078012,0
164.049646,63.078012,0
164.549646,63.078012,0
165.049646,63.078012,0
165.549646,63.078012,0
166.049646,63.078012,0
166.549646,63.078012,0
167.049646,63.078012,0
167.549646,63.078012,0
168.049646,63.078012,0
168.549646,63.078012,0
169.049646,63.078012,0
169.549646,63.078012,0
170.049646,63.078012,0
170.549646,63.078012,0
171.049646,63.078012,0
171.549646,63.078012,0
172.049646,63.078012,0
172.549646,63.078012,0
173.049646,63.078012,0
173.549646,63.078012,0
174.049646,63.078012,0
174.549646,63.078012,0
175.049646,63.078012,0
175.549646,63.078012,0
176.049646,63.078012,0
176.549646,63.078012,0
177.049646,63.078012,0
177.549646,63.078012,0
178.049646,63.078012,0
178.549646,63.078012,0
179.049646,63.078012,0
179.549646,63.078012,0
180.049646,63.078012,0
180.549646,63.078012,0
181.049646,63.078012,0
181.549646,63.078012,0
182.049646,63.078012,0
182.549646,63.078012,0
183.049646,63.078012,0
183.549646,63.078012,0
184.049646,63.078012,0
184.549646,63.078012,0
185.049646,63.078012,0
185.549646,63.078012,0
186.049646,63.078012,0
186.549646,63.078012,0
187.049646,63.078012,0
187.549646,63.078012,0
188.049646,63.078012,0
188.549646,63.078012,0
189.049646,63.078012,0
189.549646,63.078012,0
190.049646,63.078012,0
190.549646,63.078012,0
191.049646,63.078012,0
191.549646,63.078012,0
192.049646,63.078012,0
192.549646,63.078012,0
193.049646,63.078012,0
193.549646,63.078012,0
194.049646,63.078012,0
194.549646,63.078012,0
195.049646,63.078012,0
195.549646,63.078012,0
196.049646,63.078012,0
196.19858,63.078012,0
196.19858,63.078012,0
196.190516534,63.5779469763,0
196.182453067,64.0778819526,0
196.174389601,64.5778169288,0
196.166326134,65.0777519051,0
196.158262668,65.5776868814,0
196.150199201,66.0776218577,0
196.142135735,66.577556834,0
196.134072268,67.0774918102,0
196.126008802,67.5774267865,0
196.117945335,68.0773617628,0
196.109881869,68.5772967391,0
196.101818403,69.0772317154,0
196.093754936,69.5771666916,0
196.08569147,70.0771016679,0
196.077628003,70.5770366442,0
196.069564537,71.0769716205,0
196.06150107,71.5769065968,0
196.053437604,72.0768415731,0
196.045374137,72.5767765493,0
196.037310671,73.0767115256,0
196.029247204,73.5766465019,0
196.021183738,74.0765814782,0
196.013120272,74.5765164545,0
196.005056805,75.0764514307,0
195.996993339,75.576386407,0
195.988929872,76.0763213833,0
195.980866406,76.5762563596,0
195.972802939,77.0761913359,0
195.964739473,77.5761263121,0
195.956676006,78.0760612884,0
195.94861254,78.5759962647,0
195.940549074,79.075931241,0
195.932485607,79.5758662173,0
195.924422141,80.0758011935,0
195.916358674,80.5757361698,0
195.908295208,81.0756711461,0
195.900231741,81.5756061224,0
195.892168275,82.0755410987,0
195.884104808,82.5754760749,0
195.876041342,83.0754110512,0
195.867977875,83.5753460275,0
195.859914409,84.0752810038,0
195.851850943,84.5752159801,0
195.843787476,85.0751509564,0
195.83572401,85.5750859326,0
195.827660543,86.0750209089,0
195.819597077,86.5749558852,0
195.81153361,87.0748908615,0
195.803470144,87.5748258378,0
195.795406677,88.074760814,0
195.787343211,88.5746957903,0
195.779279744,89.0746307666,0
195.771216278,89.5745657429,0
195.763152812,90.0745007192,0
195.755089345,90.5744356954,0
195.747025879,91.0743706717,0
195.738962412,91.574305648,0
195.730898946,92.0742406243,0
195.722835479,92.5741756006,0
195.714772013,93.0741105768,0
195.706708546,93.5740455531,0
195.69864508,94.0739805294,0
195.690581613,94.5739155057,0
195.682518147,95.073850482,0
195.674454681,95.5737854582,0
195.666391214,96.0737204345,0
195.658327748,96.5736554108,0
195.650264281,97.0735903871,0
195.642200815,97.5735253634,0
195.634137348,98.0734603396,0
195.626073882,98.5733953159,0
195.618010415,99.0733302922,0
195.609946949,99.5732652685,0
195.601883483,100.073200245,0
195.593820016,100.573135221,0
195.58575655,101.073070197,0
195.577693083,101.573005174,0
195.569629617,102.07294015,0
195.56156615,102.572875126,0
195.553502684,103.072810102,0
195.545439217,103.572745079,0
195.537375751,104.072680055,0
195.529312284,104.572615031,0
195.521248818,105.072550008,0
195.513185352,105.572484984,0
195.505121885,106.07241996,0
195.497058419,106.572354936,0
195.488994952,107.072289913,0
195.480931486,107.572224889,0
195.472868019,108.072159865,0
195.464804553,108.572094842,0
195.456741086,109.072029818,0
195.44867762,109.571964794,0
195.440614153,110.07189977,0
195.432550687,110.571834747,0
195.424487221,111.071769723,0
195.416423754,111.571704699,0
195.408360288,112.071639676,0
195.400296821,112.571574652,0
195.392233355,113.071509628,0
195.384169888,113.571444604,0
195.376106422,114.071379581,0
195.368042955,114.571314557,0
195.359979489,115.071249533,0
195.351916022,115.571184509,0
195.343852556,116.071119486,0
195.33578909,116.571054462,0
195.327725623,117.070989438,0
195.319662157,117.570924415,0
195.31159869,118.070859391,0
195.303535224,118.570794367,0
195.295471757,119.070729343,0
195.287408291,119.57066432,0
195.279344824,120.070599296,0
195.271281358,120.570534272,0
195.263217892,121.070469249,0
195.255154425,121.570404225,0
195.247090959,122.070339201,0
195.239027492,122.570274177,0
195.230964026,123.070209154,0
195.222900559,123.57014413,0
195.214837093,124.070079106,0
195.206773626,124.570014083,0
195.19871016,125.069949059,0
195.190646693,125.569884035,0
195.182583227,126.069819011,0
195.174519761,126.569753988,0
195.166456294,127.069688964,0
195.158392828,127.56962394,0
195.150329361,128.069558916,0
195.142265895,128.569493893,0
195.134202428,129.069428869,0
195.126138962,129.569363845,0
195.118075495,130.069298822,0
195.110012029,130.569233798,0
195.101948562,131.069168774,0
195.093885096,131.56910375,0
195.08582163,132.069038727,0
195.077758163,132.568973703,0
195.069694697,133.068908679,0
195.06163123,133.568843656,0
195.053567764,134.068778632,0
195.045504297,134.568713608,0
195.037440831,135.068648584,0
195.029377364,135.568583561,0
195.021313898,136.068518537,0
195.013250431,136.568453513,0
195.005186965,137.06838849,0
194.997123499,137.568323466,0
194.989060032,138.068258442,0
194.980996566,138.568193418,0
194.972933099,139.068128395,0
194.964869633,139.568063371,0
194.956806166,140.067998347,0
194.9487427,140.567933324,0
194.940679233,141.0678683,0
194.932615767,141.567803276,0
194.9245523,142.067738252,0
194.916488834,142.567673229,0
194.908425368,143.067608205,0
194.900361901,143.567543181,0
194.892298435,144.067478157,0
194.884234968,144.567413134,0
194.876171502,145.06734811,0
194.868108035,145.567283086,0
194.860044569,146.067218063,0
194.851981102,146.567153039,0
194.843917636,147.067088015,0
194.83585417,147.567022991,0
194.827790703,148.066957968,0
194.819727237,148.566892944,0
194.81166377,149.06682792,0
194.803600304,149.566762897,0
194.795536837,150.066697873,0
194.787473371,150.566632849,0
194.779409904,151.066567825,0
194.771346438,151.566502802,0
194.763282971,152.066437778,0
194.755219505,152.566372754,0
194.747156039,153.066307731,0
194.739092572,153.566242707,0
194.731029106,154.066177683,0
194.722965639,154.566112659,0
194.714902173,155.066047636,0
194.706838706,155.565982612,0
194.69877524,156.065917588,0
194.690711773,156.565852564,0
194.682648307,157.065787541,0
194.67458484,157.565722517,0
194.666521374,158.065657493,0
194.658457908,158.56559247,0
194.650394441,159.065527446,0
194.642330975,159.565462422,0
194.634267508,160.065397398,0
194.626204042,160.565332375,0
194.618140575,161.065267351,0
194.610077109,161.565202327,0
194.602013642,162.065137304,0
194.593950176,162.56507228,0
194.585886709,163.065007256,0
194.577823243,163.564942232,0
194.569759777,164.064877209,0
194.56169631,164.564812185,0
194.553632844,165.064747161,0
194.545569377,165.564682138,0
194.537505911,166.064617114,0
194.529442444,166.56455209,0
194.521378978,167.064487066,0
194.513315511,167.564422043,0
194.505252045,168.064357019,0
194.497188579,168.564291995,0
194.489125112,169.064226972,0
194.481061646,169.564161948,0
194.472998179,170.064096924,0
194.464934713,170.5640319,0
194.456871246,171.063966877,0
194.44880778,171.563901853,0
194.440744313,172.063836829,0
194.432680847,172.563771805,0
194.42461738,173.063706782,0
194.416553914,173.563641758,0
194.408490448,174.063576734,0
194.400426981,174.563511711,0
194.392363515,175.063446687,0
194.384300048,175.563381663,0
194.376236582,176.063316639,0
194.368173115,176.563251616,0
194.360109649,177.063186592,0
194.352046182,177.563121568,0
194.343982716,178.063056545,0
194.335919249,178.562991521,0
194.327855783,179.062926497,0
194.319792317,179.562861473,0
194.31172885,180.06279645,0
194.303665384,180.562731426,0
194.295601917,181.062666402,0
194.287538451,181.562601379,0
194.279474984,182.062536355,0
194.271411518,182.562471331,0
194.263348051,183.062406307,0
194.255284585,183.562341284,0
194.247221118,184.06227626,0
194.239157652,184.562211236,0
194.231094186,185.062146212,0
194.223030719,185.562081189,0
194.214967253,186.062016165,0
194.206903786,186.561951141,0
194.19884032,187.061886118,0
194.190776853,187.561821094,0
194.182713387,188.06175607,0
194.17464992,188.561691046,0
194.166586454,189.061626023,0
194.158522988,189.561560999,0
194.150459521,190.061495975,0
194.142396055,190.561430952,0
194.134332588,191.061365928,0
194.126269122,191.561300904,0
194.118205655,192.06123588,0
194.110142189,192.561170857,0
194.102078722,193.061105833,0
194.094015256,193.561040809,0
194.085951789,194.060975786,0
194.077888323,194.560910762,0
194.069824857,195.060845738,0
194.06176139,195.560780714,0
194.053697924,196.060715691,0
194.045634457,196.560650667,0
194.037570991,197.060585643,0
194.029507524,197.56052062,0
194.021444058,198.060455596,0
194.013380591,198.560390572,0
194.005317125,199.060325548,0
193.997253658,199.560260525,0
193.989190192,200.060195501,0
193.981126726,200.560130477,0
193.973063259,201.060065453,0
193.964999793,201.56000043,0
193.956936326,202.059935406,0
193.94887286,202.559870382,0
193.940809393,203.059805359,0
193.932745927,203.559740335,0
193.92468246,204.059675311,0
193.916618994,204.559610287,0
193.908555527,205.059545264,0
193.900492061,205.55948024,0
193.892428595,206.059415216,0
193.884365128,206.559350193,0
193.876301662,207.059285169,0
193.868238195,207.559220145,0
193.860174729,208.059155121,0
193.852111262,208.559090098,0
193.844047796,209.059025074,0
193.835984329,209.55896005,0
193.827920863,210.058895027,0
193.819857396,210.558830003,0
193.81179393,211.058764979,0
193.803730464,211.558699955,0
193.795666997,212.058634932,0
193.787603531,212.558569908,0
193.779540064,213.058504884,0
193.771476598,213.55843986,0
193.763413131,214.058374837,0
193.755349665,214.558309813,0
193.747286198,215.058244789,0
193.739222732,215.558179766,0
193.731159266,216.058114742,0
193.723095799,216.558049718,0
193.715032333,217.057984694,0
193.706968866,217.557919671,0
193.6989054,218.057854647,0
193.690841933,218.557789623,0
193.682778467,219.0577246,0
193.674715,219.557659576,0
193.666651534,220.057594552,0
193.658588067,220.557529528,0
193.650524601,221.057464505,0
193.642461135,221.557399481,0
193.634397668,222.057334457,0
193.626334202,222.557269434,0
193.618270735,223.05720441,0
193.61702,223.13475,0
193.61702,223.13475,0
193.117804246,223.106756596,0
192.618588491,223.078763192,0
192.119372737,223.050769788,0
191.620156983,223.022776384,0
191.120941229,222.99478298,0
190.621725474,222.966789576,0
190.12250972,222.938796172,0
189.623293966,222.910802768,0
189.124078211,222.882809364,0
188.624862457,222.854815961,0
188.125646703,222.826822557,0
187.626430948,222.798829153,0
187.127215194,222.770835749,0
186.62799944,222.742842345,0
186.128783686,222.714848941,0
185.629567931,222.686855537,0
185.130352177,222.658862133,0
184.631136423,222.630868729,0
184.131920668,222.602875325,0
183.632704914,222.574881921,0
183.13348916,222.546888517,0
182.634273406,222.518895113,0
182.135057651,222.490901709,0
181.635841897,222.462908305,0
181.136626143,222.434914901,0
180.637410388,222.406921497,0
180.138194634,222.378928093,0
179.63897888,222.35093469,0
179.139763125,222.322941286,0
178.640547371,222.294947882,0
178.141331617,222.266954478,0
177.642115863,222.238961074,0
177.142900108,222.21096767,0
176.643684354,222.182974266,0
176.1444686,222.154980862,0
175.645252845,222.126987458,0
175.146037091,222.098994054,0
174.646821337,222.07100065,0
174.147605583,222.043007246,0
173.648389828,222.015013842,0
173.149174074,221.987020438,0
172.64995832,221.959027034,0
172.150742565,221.93103363,0
171.651526811,221.903040226,0
171.152311057,221.875046822,0
170.653095302,221.847053419,0
170.153879548,221.819060015,0
169.654663794,221.791066611,0
169.15544804,221.763073207,0
168.656232285,221.735079803,0
168.157016531,221.707086399,0
167.657800777,221.679092995,0
167.158585022,221.651099591,0
166.659369268,221.623106187,0
166.160153514,221.595112783,0
165.66093776,221.567119379,0
165.161722005,221.539125975,0
164.662506251,221.511132571,0
164.163290497,221.483139167,0
163.664074742,221.455145763,0
163.164858988,221.427152359,0
162.665643234,221.399158955,0
162.166427479,221.371165551,0
161.667211725,221.343172148,0
161.167995971,221.315178744,0
160.668780217,221.28718534,0
160.169564462,221.259191936,0
159.670348708,221.231198532,0
159.171132954,221.203205128,0
158.671917199,221.175211724,0
158.172701445,221.14721832,0
157.673485691,221.119224916,0
157.174269937,221.091231512,0
156.675054182,221.063238108,0
156.175838428,221.035244704,0
155.676622674,221.0072513,0
155.177406919,220.979257896,0
154.678191165,220.951264492,0
154.178975411,220.923271088,0
153.679759656,220.895277684,0
153.180543902,220.86728428,0
152.681328148,220.839290876,0
152.182112394,220.811297473,0
151.682896639,220.783304069,0
151.183680885,220.755310665,0
150.684465131,220.727317261,0
150.185249376,220.699323857,0
149.686033622,220.671330453,0
149.186817868,220.643337049,0
148.687602114,220.615343645,0
148.188386359,220.587350241,0
147.689170605,220.559356837,0
147.189954851,220.531363433,0
146.690739096,220.503370029,0
146.191523342,220.475376625,0
145.692307588,220.447383221,0
145.193091833,220.419389817,0
144.693876079,220.391396413,0
144.194660325,220.363403009,0
143.695444571,220.335409605,0
143.196228816,220.307416202,0
142.697013062,220.279422798,0
142.197797308,220.251429394,0
141.698581553,220.22343599,0
141.199365799,220.195442586,0
140.700150045,220.167449182,0
140.200934291,220.139455778,0
139.701718536,220.111462374,0
139.202502782,220.08346897,0
138.703287028,220.055475566,0
138.204071273,220.027482162,0
137.704855519,219.999488758,0
137.205639765,219.971495354,0
136.70642401,219.94350195,0
136.207208256,219.915508546,0
135.707992502,219.887515142,0
135.208776748,219.859521738,0
134.709560993,219.831528334,0
134.210345239,219.803534931,0
133.711129485,219.775541527,0
133.21191373,219.747548123,0
132.712697976,219.719554719,0
132.213482222,219.691561315,0
131.714266468,219.663567911,0
131.215050713,219.635574507,0
130.715834959,219.607581103,0
130.216619205,219.579587699,0
129.71740345,219.551594295,0
129.218187696,219.523600891,0
128.718971942,219.495607487,0
128.219756187,219.467614083,0
127.720540433,219.439620679,0
127.221324679,219.411627275,0
126.722108925,219.383633871,0
126.22289317,219.355640467,0
125.723677416,219.327647063,0
125.224461662,219.299653659,0
124.725245907,219.271660256,0
124.226030153,219.243666852,0
123.726814399,219.215673448,0
123.227598645,219.187680044,0
122.72838289,219.15968664,0
122.229167136,219.131693236,0
121.729951382,219.103699832,0
121.230735627,219.075706428,0
120.731519873,219.047713024,0
120.232304119,219.01971962,0
119.733088364,218.991726216,0
119.23387261,218.963732812,0
118.734656856,218.935739408,0
118.235441102,218.907746004,0
117.736225347,218.8797526,0
117.237009593,218.851759196,0
116.737793839,218.823765792,0
116.238578084,218.795772388,0
115.73936233,218.767778985,0
115.240146576,218.739785581,0
114.740930822,218.711792177,0
114.241715067,218.683798773,0
113.742499313,218.655805369,0
113.243283559,218.627811965,0
112.744067804,218.599818561,0
112.24485205,218.571825157,0
111.745636296,218.543831753,0
111.246420541,218.515838349,0
110.747204787,218.487844945,0
110.247989033,218.459851541,0
109.748773279,218.431858137,0
109.249557524,218.403864733,0
108.75034177,218.375871329,0
108.251126016,218.347877925,0
107.751910261,218.319884521,0
107.252694507,218.291891117,0
106.753478753,218.263897714,0
106.254262999,218.23590431,0
105.755047244,218.207910906,0
105.25583149,218.179917502,0
104.756615736,218.151924098,0
104.257399981,218.123930694,0
103.758184227,218.09593729,0
103.258968473,218.067943886,0
102.759752718,218.039950482,0
102.260536964,218.011957078,0
101.76132121,217.983963674,0
101.262105456,217.95597027,0
100.762889701,217.927976866,0
100.263673947,217.899983462,0
99.7644581927,217.871990058,0
99.2652424384,217.843996654,0
98.7660266841,217.81600325,0
98.2668109298,217.788009846,0
97.7675951755,217.760016443,0
97.2683794212,217.732023039,0
96.7691636669,217.704029635,0
96.2699479126,217.676036231,0
95.7707321583,217.648042827,0
95.271516404,217.620049423,0
94.7723006497,217.592056019,0
94.2730848954,217.564062615,0
93.7738691412,217.536069211,0
93.2746533869,217.508075807,0
92.7754376326,217.480082403,0
92.2762218783,217.452088999,0
91.777006124,217.424095595,0
91.2777903697,217.396102191,0
90.7785746154,217.368108787,0
90.2793588611,217.340115383,0
89.7801431068,217.312121979,0
89.2809273525,217.284128575,0
88.7817115982,217.256135171,0
88.2824958439,217.228141768,0
87.7832800896,217.200148364,0
87.2840643353,217.17215496,0
86.784848581,217.144161556,0
86.2856328267,217.116168152,0
85.7864170724,217.088174748,0
85.2872013182,217.060181344,0
84.7879855639,217.03218794,0
84.2887698096,217.004194536,0
83.7895540553,216.976201132,0
83.290338301,216.948207728,0
82.7911225467,216.920214324,0
82.2919067924,216.89222092,0
81.7926910381,216.864227516,0
81.2934752838,216.836234112,0
80.7942595295,216.808240708,0
80.2950437752,216.780247304,0
79.7958280209,216.7522539,0
79.2966122666,216.724260497,0
78.7973965123,216.696267093,0
78.298180758,216.668273689,0
77.7989650037,216.640280285,0
77.2997492494,216.612286881,0
76.8005334952,216.584293477,0
76.3013177409,216.556300073,0
75.8021019866,216.528306669,0
75.3028862323,216.500313265,0
74.803670478,216.472319861,0
74.3044547237,216.444326457,0
73.8052389694,216.416333053,0
73.3060232151,216.388339649,0
72.8068074608,216.360346245,0
72.3075917065,216.332352841,0
71.8083759522,216.304359437,0
71.3091601979,216.276366033,0
70.8099444436,216.248372629,0
70.3107286893,216.220379226,0
69.811512935,216.192385822,0
69.3122971807,216.164392418,0
68.8130814264,216.136399014,0
68.3138656721,216.10840561,0
67.8146499179,216.080412206,0
67.3154341636,216.052418802,0
66.8162184093,216.024425398,0
66.317002655,215.996431994,0
65.8177869007,215.96843859,0
65.3185711464,215.940445186,0
64.8193553921,215.912451782,0
64.3201396378,215.884458378,0
63.8209238835,215.856464974,0
63.3217081292,215.82847157,0
62.8224923749,215.800478166,0
62.3232766206,215.772484762,0
61.8240608663,215.744491358,0
61.324845112,215.716497955,0
60.8256293577,215.688504551,0
60.3264136034,215.660511147,0
59.8271978491,215.632517743,0
59.3279820949,215.604524339,0
58.8287663406,215.576530935,0
58.3295505863,215.548537531,0
57.830334832,215.520544127,0
57.3311190777,215.492550723,0
56.8319033234,215.464557319,0
56.3326875691,215.436563915,0
55.8334718148,215.408570511,0
55.503546,215.39007,0
55.503546,215.39007,0
55.482378556,214.890518262,0
55.4612111119,214.390966523,0
55.4400436679,213.891414785,0
55.4188762238,213.391863047,0
55.3977087798,212.892311308,0
55.3765413358,212.39275957,0
55.3553738917,211.893207831,0
55.3342064477,211.393656093,0
55.3130390036,210.894104355,0
55.2918715596,210.394552616,0
55.2707041156,209.895000878,0
55.2495366715,209.39544914,0
55.2283692275,208.895897401,0
55.2072017834,208.396345663,0
55.1860343394,207.896793924,0
55.1648668954,207.397242186,0
55.1436994513,206.897690448,0
55.1225320073,206.398138709,0
55.1013645632,205.898586971,0
55.0801971192,205.399035233,0
55.0590296752,204.899483494,0
55.0378622311,204.399931756,0
55.0166947871,203.900380017,0
54.995527343,203.400828279,0
54.974359899,202.901276541,0
54.953192455,202.401724802,0
54.9320250109,201.902173064,0
54.9108575669,201.402621326,0
54.8896901228,200.903069587,0
54.8685226788,200.403517849,0
54.8473552348,199.90396611,0
54.8261877907,199.404414372,0
54.8050203467,198.904862634,0
54.7838529026,198.405310895,0
54.7626854586,197.905759157,0
54.7415180146,197.406207419,0
54.7203505705,196.90665568,0
54.6991831265,196.407103942,0
54.6780156824,195.907552203,0
54.6568482384,195.408000465,0
54.6356807944,194.908448727,0
54.6145133503,194.408896988,0
54.5933459063,193.90934525,0
54.5721784623,193.409793512,0
54.5510110182,192.910241773,0
54.5298435742,192.410690035,0
54.5086761301,191.911138296,0
54.4875086861,191.411586558,0
54.4663412421,190.91203482,0
54.445173798,190.412483081,0
54.424006354,189.912931343,0
54.4028389099,189.413379605,0
54.3816714659,188.913827866,0
54.3605040219,188.414276128,0
54.3393365778,187.914724389,0
54.3181691338,187.415172651,0
54.2970016897,186.915620913,0
54.2758342457,186.416069174,0
54.2546668017,185.916517436,0
54.2334993576,185.416965698,0
54.2123319136,184.917413959,0
54.1911644695,184.417862221,0
54.1699970255,183.918310482,0
54.1488295815,183.418758744,0
54.1276621374,182.919207006,0
54.1064946934,182.419655267,0
54.0853272493,181.920103529,0
54.0641598053,181.420551791,0
54.0429923613,180.921000052,0
54.0218249172,180.421448314,0
54.0006574732,179.921896575,0
53.9794900291,179.422344837,0
53.9583225851,178.922793099,0
53.9371551411,178.42324136,0
53.915987697,177.923689622,0
53.894820253,177.424137884,0
53.8736528089,176.924586145,0
53.8524853649,176.425034407,0
53.8313179209,175.925482668,0
53.8101504768,175.42593093,0
53.7889830328,174.926379192,0
53.7678155887,174.426827453,0
53.7466481447,173.927275715,0
53.7254807007,173.427723977,0
53.7043132566,172.928172238,0
53.6831458126,172.4286205,0
53.6619783685,171.929068761,0
53.6408109245,171.429517023,0
53.6196434805,170.929965285,0
53.5984760364,170.430413546,0
53.5773085924,169.930861808,0
53.5561411483,169.43131007,0
53.5349737043,168.931758331,0
53.5138062603,168.432206593,0
53.4926388162,167.932654854,0
53.4714713722,167.433103116,0
53.4503039281,166.933551378,0
53.4291364841,166.433999639,0
53.4079690401,165.934447901,0
53.386801596,165.434896163,0
53.365634152,164.935344424,0
53.3444667079,164.435792686,0
53.3232992639,163.936240947,0
53.3021318199,163.436689209,0
53.2809643758,162.937137471,0
53.2597969318,162.437585732,0
53.2386294877,161.938033994,0
53.2174620437,161.438482256,0
53.1962945997,160.938930517,0
53.1751271556,160.439378779,0
53.1539597116,159.93982704,0
53.1327922675,159.440275302,0
53.1116248235,158.940723564,0
53.0904573795,158.441171825,0
53.0692899354,157.941620087,0
53.0481224914,157.442068349,0
53.0269550473,156.94251661,0
53.0057876033,156.442964872,0
52.9846201593,155.943413133,0
52.9634527152,155.443861395,0
52.9422852712,154.944309657,0
52.9211178272,154.444757918,0
52.8999503831,153.94520618,0
52.8787829391,153.445654442,0
52.857615495,152.946102703,0
52.836448051,152.446550965,0
52.815280607,151.946999226,0
52.7941131629,151.447447488,0
52.7729457189,150.94789575,0
52.7517782748,150.448344011,0
52.7306108308,149.948792273,0
52.7094433868,149.449240535,0
52.6882759427,148.949688796,0
52.6671084987,148.450137058,0
52.6459410546,147.950585319,0
52.6247736106,147.451033581,0
52.6036061666,146.951481843,0
52.5824387225,146.451930104,0
52.5612712785,145.952378366,0
52.5401038344,145.452826628,0
52.5189363904,144.953274889,0
52.4977689464,144.453723151,0
52.4766015023,143.954171412,0
52.4554340583,143.454619674,0
52.4342666142,142.955067936,0
52.4130991702,142.455516197,0
52.3919317262,141.955964459,0
52.3707642821,141.456412721,0
52.3495968381,140.956860982,0
52.328429394,140.457309244,0
52.30726195,139.957757505,0
52.286094506,139.458205767,0
52.2649270619,138.958654029,0
52.2437596179,138.45910229,0
52.2225921738,137.959550552,0
52.2014247298,137.459998814,0
52.1802572858,136.960447075,0
52.1590898417,136.460895337,0
52.1379223977,135.961343598,0
52.1167549536,135.46179186,0
52.0955875096,134.962240122,0
52.0744200656,134.462688383,0
52.0532526215,133.963136645,0
52.0320851775,133.463584907,0
52.0109177334,132.964033168,0
51.9897502894,132.46448143,0
51.9685828454,131.964929691,0
51.9474154013,131.465377953,0
51.9262479573,130.965826215,0
51.9050805132,130.466274476,0
51.8839130692,129.966722738,0
51.8627456252,129.467171,0
51.8415781811,128.967619261,0
51.8204107371,128.468067523,0
51.799243293,127.968515784,0
51.778075849,127.468964046,0
51.756908405,126.969412308,0
51.7357409609,126.469860569,0
51.7145735169,125.970308831,0
51.6934060728,125.470757093,0
51.6722386288,124.971205354,0
51.6510711848,124.471653616,0
51.6299037407,123.972101877,0
51.6087362967,123.472550139,0
51.5875688526,122.972998401,0
51.5664014086,122.473446662,0
51.5452339646,121.973894924,0
51.5240665205,121.474343186,0
51.5028990765,120.974791447,0
51.4817316324,120.475239709,0
51.4605641884,119.975687971,0
51.4393967444,119.476136232,0
51.4182293003,118.976584494,0
51.3970618563,118.477032755,0
51.3758944122,117.977481017,0
51.3547269682,117.477929279,0
51.3335595242,116.97837754,0
51.3123920801,116.478825802,0
51.2912246361,115.979274064,0
51.2700571921,115.479722325,0
51.248889748,114.980170587,0
51.227722304,114.480618848,0
51.2065548599,113.98106711,0
51.1853874159,113.481515372,0
51.1642199719,112.981963633,0
51.1430525278,112.482411895,0
51.1218850838,111.982860157,0
51.1007176397,111.483308418,0
51.0795501957,110.98375668,0
51.0583827517,110.484204941,0
51.0372153076,109.984653203,0
51.0160478636,109.485101465,0
50.9948804195,108.985549726,0
50.9737129755,108.485997988,0
50.9525455315,107.98644625,0
50.9313780874,107.486894511,0
50.9102106434,106.987342773,0
50.8890431993,106.487791034,0
50.8678757553,105.988239296,0
50.8467083113,105.488687558,0
50.8255408672,104.989135819,0
50.8043734232,104.489584081,0
50.7832059791,103.990032343,0
50.7620385351,103.490480604,0
50.7408710911,102.990928866,0
50.719703647,102.491377127,0
50.698536203,101.991825389,0
50.6773687589,101.492273651,0
50.6562013149,100.992721912,0
50.6350338709,100.493170174,0
50.6138664268,99.9936184355,0
50.5926989828,99.4940666972,0
50.5715315387,98.9945149588,0
50.5503640947,98.4949632204,0
50.5291966507,97.995411482,0
50.5080292066,97.4958597437,0
50.4868617626,96.9963080053,0
50.4656943185,96.4967562669,0
50.4445268745,95.9972045285,0
50.4233594305,95.4976527902,0
50.4021919864,94.9981010518,0
50.3810245424,94.4985493134,0
50.3598570983,93.998997575,0
50.3386896543,93.4994458367,0
50.3175222103,92.9998940983,0
50.2963547662,92.5003423599,0
50.2751873222,92.0007906215,0
50.2540198781,91.5012388832,0
50.2328524341,91.0016871448,0
50.2116849901,90.5021354064,0
50.190517546,90.002583668,0
50.169350102,89.5030319297,0
50.1481826579,89.0034801913,0
50.1270152139,88.5039284529,0
50.1058477699,88.0043767145,0
50.0846803258,87.5048249762,0
50.0635128818,87.0052732378,0
50.0423454377,86.5057214994,0
50.0211779937,86.006169761,0
50.0000105497,85.5066180227,0
49.9788431056,85.0070662843,0
49.9576756616,84.5075145459,0
49.9365082175,84.0079628075,0
49.9153407735,83.5084110692,0
49.8941733295,83.0088593308,0
49.8730058854,82.5093075924,0
49.8518384414,82.0097558541,0
49.8306709973,81.5102041157,0
49.8095035533,81.0106523773,0
49.7883361093,80.5111006389,0
49.7671686652,80.0115489006,0
49.7460012212,79.5119971622,0
49.7248337771,79.0124454238,0
49.7036663331,78.5128936854,0
49.6824988891,78.0133419471,0
49.661331445,77.5137902087,0
49.640164001,77.0142384703,0
49.6189965569,76.5146867319,0
49.5978291129,76.0151349936,0
49.5766616689,75.5155832552,0
49.5554942248,75.0160315168,0
49.5343267808,74.5164797784,0
49.5131593368,74.0169280401,0
49.4919918927,73.5173763017,0
49.4708244487,73.0178245633,0
49.4496570046,72.5182728249,0
49.4284895606,72.0187210866,0
49.4073221166,71.5191693482,0
49.3861546725,71.0196176098,0
49.3649872285,70.5200658714,0
49.3438197844,70.0205141331,0
49.3226523404,69.5209623947,0
49.3014848964,69.0214106563,0
49.2803174523,68.5218589179,0
49.2591500083,68.0223071796,0
49.2379825642,67.5227554412,0
49.2168151202,67.0232037028,0
49.1956476762,66.5236519644,0
49.1744802321,66.0241002261,0
49.1533127881,65.5245484877,0
49.132145344,65.0249967493,0
49.1109779,64.5254450109,0
49.089810456,64.0258932726,0
49.0686430119,63.5263415342,0
49.049646,63.078012,0
49.049646,63.078012,0
49.049646,63.078012,1
49.049646,63.078012,2
49.049646,63.078012,3
49.049646,63.078012,4
49.049646,63.078012,5
49.049646,63.078012,6
49.049646,63.078012,7
49.049646,63.078012,8
49.049646,63.078012,9
49.049646,63.078012,10
49.049646,63.078012,11
51.86354674,63.98155808,11
54.67744748,64.88510416,11
57.49134822,65.78865024,11
60.30524896,66.69219632,11
63.1191497,67.5957424,11
65.93305044,68.49928848,11
68.74695118,69.40283456,11
71.56085192,70.30638064,11
74.37475266,71.20992672,11
77.1886534,72.1134728,11
80.00255414,73.01701888,11
82.81645488,73.92056496,11
85.63035562,74.82411104,11
88.44425636,75.72765712,11
91.2581571,76.6312032,11
94.07205784,77.53474928,11
96.88595858,78.43829536,11
99.69985932,79.34184144,11
102.51376006,80.24538752,11
105.3276608,81.1489336,11
108.14156154,82.05247968,11
110.95546228,82.95602576,11
113.76936302,83.85957184,11
116.58326376,84.76311792,11
119.3971645,85.666664,11
122.21106524,86.57021008,11
125.02496598,87.47375616,11
127.83886672,88.37730224,11
130.65276746,89.28084832,11
133.4666682,90.1843944,11
136.28056894,91.08794048,11
139.09446968,91.99148656,11
141.90837042,92.89503264,11
144.72227116,93.79857872,11
147.5361719,94.7021248,11
150.35007264,95.60567088,11
153.16397338,96.50921696,11
155.97787412,97.41276304,11
158.79177486,98.31630912,11
161.6056756,99.2198552,11
164.41957634,100.12340128,11
167.23347708,101.02694736,11
170.04737782,101.93049344,11
172.86127856,102.83403952,11
175.6751793,103.7375856,11
178.48908004,104.64113168,11
181.30298078,105.54467776,11
184.11688152,106.44822384,11
186.93078226,107.35176992,11
189.744683,108.255316,11
192.55858374,109.15886208,11
195.37248448,110.06240816,11
198.18638522,110.96595424,11
201.00028596,111.86950032,11
203.8141867,112.7730464,11
206.62808744,113.67659248,11
209.44198818,114.58013856,11
212.25588892,115.48368464,11
215.06978966,116.38723072,11
217.8836904,117.2907768,11
220.69759114,118.19432288,11
223.51149188,119.09786896,11
226.32539262,120.00141504,11
229.13929336,120.90496112,11
231.9531941,121.8085072,11
234.76709484,122.71205328,11
237.58099558,123.61559936,11
240.39489632,124.51914544,11
243.20879706,125.42269152,11
246.0226978,126.3262376,11
248.83659854,127.22978368,11
251.65049928,128.13332976,11
254.46440002,129.03687584,11
257.27830076,129.94042192,11
260.0922015,130.843968,11
262.90610224,131.74751408,11
265.72000298,132.65106016,11
268.53390372,133.55460624,11
271.34780446,134.45815232,11
274.1617052,135.3616984,11
276.97560594,136.26524448,11
279.78950668,137.16879056,11
282.60340742,138.07233664,11
285.41730816,138.97588272,11
288.2312089,139.8794288,11
291.04510964,140.78297488,11
293.85901038,141.68652096,11
296.67291112,142.59006704,11
299.48681186,143.49361312,11
302.3007126,144.3971592,11
305.11461334,145.30070528,11
307.92851408,146.20425136,11
310.74241482,147.10779744,11
313.55631556,148.01134352,11
316.3702163,148.9148896,11
319.18411704,149.81843568,11
321.99801778,150.72198176,11
324.81191852,151.62552784,11
330.43972,153.43262,11
330.43972,153.43262,10
330.43972,153.43262,9
330.43972,153.43262,8
330.43972,153.43262,7
330.43972,153.43262,6
330.43972,153.43262,5
330.43972,153.43262,4
330.43972,153.43262,3
330.43972,153.43262,2
330.43972,153.43262,1
330.43972,153.43262,0
330.43972,153.43262,0
330.936907869,153.485574916,0
331.434095738,153.538529832,0
331.931283606,153.591484748,0
332.428471475,153.644439664,0
332.925659344,153.69739458,0
333.422847213,153.750349496,0
333.920035081,153.803304413,0
334.41722295,153.856259329,0
334.914410819,153.909214245,0
335.411598688,153.962169161,0
335.908786557,154.015124077,0
336.405974425,154.068078993,0
336.903162294,154.121033909,0
337.400350163,154.173988825,0
337.897538032,154.226943741,0
338.3947259,154.279898657,0
338.891913769,154.332853573,0
339.389101638,154.385808489,0
339.886289507,154.438763406,0
340.383477376,154.491718322,0
340.880665244,154.544673238,0
341.377853113,154.597628154,0
341.875040982,154.65058307,0
342.372228851,154.703537986,0
342.86941672,154.756492902,0
343.366604588,154.809447818,0
343.863792457,154.862402734,0
344.360980326,154.91535765,0
344.858168195,154.968312566,0
345.355356063,155.021267482,0
345.852543932,155.074222398,0
346.349731801,155.127177315,0
346.84691967,155.180132231,0
347.344107539,155.233087147,0
347.841295407,155.286042063,0
348.338483276,155.338996979,0
348.835671145,155.391951895,0
349.332859014,155.444906811,0
349.830046882,155.497861727,0
350.327234751,155.550816643,0
350.82442262,155.603771559,0
351.321610489,155.656726475,0
351.818798358,155.709681391,0
352.315986226,155.762636308,0
352.813174095,155.815591224,0
353.310361964,155.86854614,0
353.807549833,155.921501056,0
354.304737701,155.974455972,0
354.80192557,156.027410888,0
355.299113439,156.080365804,0
355.796301308,156.13332072,0
356.293489177,156.186275636,0
356.790677045,156.239230552,0
357.287864914,156.292185468,0
357.785052783,156.345140384,0
358.282240652,156.3980953,0
358.779428521,156.451050217,0
359.276616389,156.504005133,0
359.773804258,156.556960049,0
360.270992127,156.609914965,0
360.768179996,156.662869881,0
361.265367864,156.715824797,0
361.762555733,156.768779713,0
362.259743602,156.821734629,0
362.756931471,156.874689545,0
363.25411934,156.927644461,0
363.751307208,156.980599377,0
364.248495077,157.033554293,0
364.745682946,157.08650921,0
365.242870815,157.139464126,0
365.740058683,157.192419042,0
366.237246552,157.245373958,0
366.734434421,157.298328874,0
367.23162229,157.35128379,0
367.728810159,157.404238706,0
368.225998027,157.457193622,0
368.723185896,157.510148538,0
369.220373765,157.563103454,0
369.717561634,157.61605837,0
370.214749502,157.669013286,0
370.711937371,157.721968202,0
371.20912524,157.774923119,0
371.706313109,157.827878035,0
372.203500978,157.880832951,0
372.700688846,157.933787867,0
373.197876715,157.986742783,0
373.695064584,158.039697699,0
374.192252453,158.092652615,0
374.689440322,158.145607531,0
375.18662819,158.198562447,0
375.683816059,158.251517363,0
376.181003928,158.304472279,0
376.678191797,158.357427195,0
377.175379665,158.410382112,0
377.672567534,158.463337028,0
378.169755403,158.516291944,0
378.666943272,158.56924686,0
379.164131141,158.622201776,0
379.661319009,158.675156692,0
380.158506878,158.728111608,0
380.655694747,158.781066524,0
381.152882616,158.83402144,0
381.650070484,158.886976356,0
382.147258353,158.939931272,0
382.644446222,158.992886188,0
383.141634091,159.045841104,0
383.63882196,159.098796021,0
384.136009828,159.151750937,0
384.633197697,159.204705853,0
385.130385566,159.257660769,0
385.627573435,159.310615685,0
386.124761303,159.363570601,0
386.621949172,159.416525517,0
387.119137041,159.469480433,0
387.61632491,159.522435349,0
388.113512779,159.575390265,0
388.610700647,159.628345181,0
389.107888516,159.681300097,0
389.605076385,159.734255014,0
390.102264254,159.78720993,0
390.599452122,159.840164846,0
391.096639991,159.893119762,0
391.59382786,159.946074678,0
392.091015729,159.999029594,0
392.588203598,160.05198451,0
393.085391466,160.104939426,0
393.582579335,160.157894342,0
394.079767204,160.210849258,0
394.576955073,160.263804174,0
395.074142942,160.31675909,0
395.57133081,160.369714007,0
396.068518679,160.422668923,0
396.565706548,160.475623839,0
397.062894417,160.528578755,0
397.560082285,160.581533671,0
398.057270154,160.634488587,0
398.554458023,160.687443503,0
399.051645892,160.740398419,0
399.548833761,160.793353335,0
400.046021629,160.846308251,0
400.543209498,160.899263167,0
401.040397367,160.952218083,0
401.537585236,161.005172999,0
402.034773104,161.058127916,0
402.531960973,161.111082832,0
403.029148842,161.164037748,0
403.526336711,161.216992664,0
404.02352458,161.26994758,0
404.520712448,161.322902496,0
405.017900317,161.375857412,0
405.515088186,161.428812328,0
406.012276055,161.481767244,0
406.509463923,161.53472216,0
407.006651792,161.587677076,0
407.503839661,161.640631992,0
408.00102753,161.693586909,0
408.498215399,161.746541825,0
408.995403267,161.799496741,0
409.492591136,161.852451657,0
409.989779005,161.905406573,0
410.486966874,161.958361489,0
410.984154743,162.011316405,0
411.481342611,162.064271321,0
411.97853048,162.117226237,0
412.475718349,162.170181153,0
412.972906218,162.223136069,0
413.470094086,162.276090985,0
413.967281955,162.329045901,0
414.464469824,162.382000818,0
414.961657693,162.434955734,0
415.458845562,162.48791065,0
415.95603343,162.540865566,0
416.453221299,162.593820482,0
416.950409168,162.646775398,0
417.447597037,162.699730314,0
417.944784905,162.75268523,0
418.441972774,162.805640146,0
418.939160643,162.858595062,0
419.436348512,162.911549978,0
419.933536381,162.964504894,0
420.430724249,163.017459811,0
420.927912118,163.070414727,0
421.425099987,163.123369643,0
421.922287856,163.176324559,0
422.419475724,163.229279475,0
422.916663593,163.282234391,0
423.413851462,163.335189307,0
423.911039331,163.388144223,0
424.4082272,163.441099139,0
424.905415068,163.494054055,0
425.402602937,163.547008971,0
425.899790806,163.599963887,0
426.396978675,163.652918803,0
426.894166544,163.70587372,0
427.391354412,163.758828636,0
427.888542281,163.811783552,0
428.38573015,163.864738468,0
428.882918019,163.917693384,0
429.380105887,163.9706483,0
429.877293756,164.023603216,0
430.374481625,164.076558132,0
430.871669494,164.129513048,0
431.368857363,164.182467964,0
431.866045231,164.23542288,0
432.3632331,164.288377796,0
432.860420969,164.341332713,0
433.357608838,164.394287629,0
433.854796706,164.447242545,0
434.351984575,164.500197461,0
434.849172444,164.553152377,0
435.346360313,164.606107293,0
435.843548182,164.659062209,0
436.34073605,164.712017125,0
436.837923919,164.764972041,0
437.335111788,164.817926957,0
437.832299657,164.870881873,0
438.329487525,164.923836789,0
438.826675394,164.976791705,0
439.323863263,165.029746622,0
439.821051132,165.082701538,0
440.318239001,165.135656454,0
440.815426869,165.18861137,0
441.312614738,165.241566286,0
441.809802607,165.294521202,0
442.306990476,165.347476118,0
442.804178344,165.400431034,0
443.301366213,165.45338595,0
443.798554082,165.506340866,0
444.295741951,165.559295782,0
444.79292982,165.612250698,0
445.290117688,165.665205615,0
445.787305557,165.718160531,0
446.284493426,165.771115447,0
446.781681295,165.824070363,0
447.278869164,165.877025279,0
447.776057032,165.929980195,0
448.273244901,165.982935111,0
448.77043277,166.035890027,0
449.267620639,166.088844943,0
449.764808507,166.141799859,0
450.261996376,166.194754775,0
450.759184245,166.247709691,0
451.256372114,166.300664607,0
451.753559983,166.353619524,0
452.250747851,166.40657444,0
452.74793572,166.459529356,0
453.245123589,166.512484272,0
453.742311458,166.565439188,0
454.239499326,166.618394104,0
454.736687195,166.67134902,0
455.233875064,166.724303936,0
455.731062933,166.777258852,0
456.228250802,166.830213768,0
456.72543867,166.883168684,0
457.222626539,166.9361236,0
457.719814408,166.989078517,0
458.217002277,167.042033433,0
458.714190145,167.094988349,0
459.211378014,167.147943265,0
459.708565883,167.200898181,0
460.205753752,167.253853097,0
460.702941621,167.306808013,0
461.200129489,167.359762929,0
461.697317358,167.412717845,0
462.194505227,167.465672761,0
462.691693096,167.518627677,0
463.188880965,167.571582593,0
463.686068833,167.624537509,0
464.183256702,167.677492426,0
464.680444571,167.730447342,0
465.17763244,167.783402258,0
465.674820308,167.836357174,0
466.172008177,167.88931209,0
466.669196046,167.942267006,0
467.166383915,167.995221922,0
467.663571784,168.048176838,0
468.160759652,168.101131754,0
468.657947521,168.15408667,0
469.15513539,168.207041586,0
469.652323259,168.259996502,0
470.149511127,168.312951419,0
470.646698996,168.365906335,0
471.143886865,168.418861251,0
471.641074734,168.471816167,0
472.138262603,168.524771083,0
472.635450471,168.577725999,0
473.13263834,168.630680915,0
473.629826209,168.683635831,0
474.127014078,168.736590747,0
474.624201946,168.789545663,0
475.121389815,168.842500579,0
475.618577684,168.895455495,0
476.115765553,168.948410411,0
476.612953422,169.001365328,0
477.11014129,169.054320244,0
477.607329159,169.10727516,0
478.104517028,169.160230076,0
478.601704897,169.213184992,0
479.098892766,169.266139908,0
479.596080634,169.319094824,0
480.093268503,169.37204974,0
480.590456372,169.425004656,0
481.087644241,169.477959572,0
481.584832109,169.530914488,0
482.082019978,169.583869404,0
482.579207847,169.636824321,0
483.076395716,169.689779237,0
483.573583585,169.742734153,0
484.070771453,169.795689069,0
484.567959322,169.848643985,0
485.065147191,169.901598901,0
485.56233506,169.954553817,0
486.059522928,170.007508733,0
486.556710797,170.060463649,0
487.053898666,170.113418565,0
487.551086535,170.166373481,0
488.048274404,170.219328397,0
488.545462272,170.272283313,0
489.042650141,170.32523823,0
489.53983801,170.378193146,0
490.037025879,170.431148062,0
490.534213747,170.484102978,0
491.031401616,170.537057894,0
491.528589485,170.59001281,0
492.025777354,170.642967726,0
492.522965223,170.695922642,0
493.020153091,170.748877558,0
493.51734096,170.801832474,0
494.014528829,170.85478739,0
494.511716698,170.907742306,0
495.008904566,170.960697223,0
495.506092435,171.013652139,0
496.003280304,171.066607055,0
496.500468173,171.119561971,0
496.997656042,171.172516887,0
497.49484391,171.225471803,0
497.992031779,171.278426719,0
498.489219648,171.331381635,0
498.986407517,171.384336551,0
499.483595386,171.437291467,0
499.980783254,171.490246383,0
500.477971123,171.543201299,0
500.975158992,171.596156215,0
501.472346861,171.649111132,0
501.969534729,171.702066048,0
502.466722598,171.755020964,0
502.963910467,171.80797588,0
503.461098336,171.860930796,0
503.958286205,171.913885712,0
504.455474073,171.966840628,0
504.952661942,172.019795544,0
505.449849811,172.07275046,0
505.94703768,172.125705376,0
506.444225548,172.178660292,0
506.941413417,172.231615208,0
507.438601286,172.284570125,0
507.935789155,172.337525041,0
508.432977024,172.390479957,0
508.930164892,172.443434873,0
509.427352761,172.496389789,0
509.92454063,172.549344705,0
510.421728499,172.602299621,0
510.918916367,172.655254537,0
511.416104236,172.708209453,0
511.913292105,172.761164369,0
512.410479974,172.814119285,0
512.907667843,172.867074201,0
513.404855711,172.920029117,0
513.90204358,172.972984034,0
514.399231449,173.02593895,0
514.896419318,173.078893866,0
515.393607187,173.131848782,0
515.890795055,173.184803698,0
516.387982924,173.237758614,0
516.885170793,173.29071353,0
517.382358662,173.343668446,0
517.87954653,173.396623362,0
518.376734399,173.449578278,0
518.873922268,173.502533194,0
519.371110137,173.55548811,0
519.868298006,173.608443027,0
520.365485874,173.661397943,0
520.862673743,173.714352859,0
521.359861612,173.767307775,0
521.857049481,173.820262691,0
522.354237349,173.873217607,0
522.851425218,173.926172523,0
523.348613087,173.979127439,0
523.845800956,174.032082355,0
524.342988825,174.085037271,0
524.840176693,174.137992187,0
525.337364562,174.190947103,0
525.834552431,174.24390202,0
526.3317403,174.296856936,0
526.828928168,174.349811852,0
527.326116037,174.402766768,0
527.823303906,174.455721684,0
528.320491775,174.5086766,0
528.817679644,174.561631516,0
529.314867512,174.614586432,0
529.812055381,174.667541348,0
530.30924325,174.720496264,0
530.806431119,174.77345118,0
531.303618988,174.826406096,0
531.800806856,174.879361012,0
532.297994725,174.932315929,0
532.795182594,174.985270845,0
533.292370463,175.038225761,0
533.789558331,175.091180677,0
534.2867462,175.144135593,0
534.783934069,175.197090509,0
535.281121938,175.250045425,0
535.778309807,175.303000341,0
536.275497675,175.355955257,0
536.772685544,175.408910173,0
537.269873413,175.461865089,0
537.767061282,175.514820005,0
538.26424915,175.567774922,0
538.761437019,175.620729838,0
539.258624888,175.673684754,0
539.755812757,175.72663967,0
540.253000626,175.779594586,0
540.750188494,175.832549502,0
541.247376363,175.885504418,0
541.744564232,175.938459334,0
542.241752101,175.99141425,0
542.738939969,176.044369166,0
543.236127838,176.097324082,0
543.733315707,176.150278998,0
544.230503576,176.203233914,0
544.727691445,176.256188831,0
545.224879313,176.309143747,0
545.722067182,176.362098663,0
546.219255051,176.415053579,0
546.71644292,176.468008495,0
547.213630788,176.520963411,0
547.710818657,176.573918327,0
548.208006526,176.626873243,0
548.58156,176.66666,0
548.58156,176.66666,0
548.58156,177.16666,0
548.58156,177.66666,0
548.58156,178.16666,0
548.58156,178.66666,0
548.58156,179.16666,0
548.58156,179.66666,0
548.58156,180.16666,0
548.58156,180.66666,0
548.58156,181.16666,0
548.58156,181.66666,0
548.58156,182.16666,0
548.58156,182.66666,0
548.58156,183.16666,0
548.58156,183.66666,0
548.58156,184.16666,0
548.58156,184.66666,0
548.58156,185.16666,0
548.58156,185.66666,0
548.58156,186.16666,0
548.58156,186.66666,0
548.58156,187.16666,0
548.58156,187.66666,0
548.58156,188.16666,0
548.58156,188.66666,0
548.58156,189.16666,0
548.58156,189.66666,0
548.58156,190.16666,0
548.58156,190.66666,0
548.58156,191.16666,0
548.58156,191.66666,0
548.58156,192.16666,0
548.58156,192.66666,0
548.58156,193.16666,0
548.58156,193.66666,0
548.58156,194.16666,0
548.58156,194.66666,0
548.58156,195.16666,0
548.58156,195.66666,0
548.58156,196.16666,0
548.58156,196.66666,0
548.58156,197.16666,0
548.58156,197.66666,0
548.58156,198.16666,0
548.58156,198.66666,0
548.58156,199.16666,0
548.58156,199.66666,0
548.58156,200.16666,0
548.58156,200.66666,0
548.58156,201.16666,0
548.58156,201.66666,0
548.58156,202.16666,0
548.58156,202.66666,0
548.58156,203.16666,0
548.58156,203.66666,0
548.58156,204.16666,0
548.58156,204.66666,0
548.58156,205.16666,0
548.58156,205.66666,0
548.58156,206.16666,0
548.58156,206.66666,0
548.58156,207.16666,0
548.58156,207.66666,0
548.58156,208.16666,0
548.58156,208.66666,0
548.58156,209.16666,0
548.58156,209.66666,0
548.58156,210.16666,0
548.58156,210.66666,0
548.58156,211.16666,0
548.58156,211.66666,0
548.58156,212.16666,0
548.58156,212.66666,0
548.58156,213.16666,0
548.58156,213.66666,0
548.58156,214.16666,0
548.58156,214.66666,0
548.58156,215.16666,0
548.58156,215.66666,0
548.58156,216.16666,0
548.58156,216.66666,0
548.58156,217.16666,0
548.58156,217.66666,0
548.58156,218.16666,0
548.58156,218.66666,0
548.58156,219.16666,0
548.58156,219.66666,0
548.58156,220.16666,0
548.58156,220.66666,0
548.58156,221.16666,0
548.58156,221.66666,0
548.58156,222.16666,0
548.58156,222.66666,0
548.58156,223.16666,0
548.58156,223.66666,0
548.58156,224.16666,0
548.58156,224.66666,0
548.58156,225.16666,0
548.58156,225.66666,0
548.58156,226.16666,0
548.58156,226.66666,0
548.58156,227.16666,0
548.58156,227.66666,0
548.58156,228.16666,0
548.58156,228.66666,0
548.58156,229.16666,0
548.58156,229.66666,0
548.58156,230.16666,0
548.58156,230.66666,0
548.58156,231.16666,0
548.58156,231.66666,0
548.58156,232.16666,0
548.58156,232.66666,0
548.58156,233.16666,0
548.58156,233.66666,0
548.58156,234.16666,0
548.58156,234.66666,0
548.58156,235.16666,0
548.58156,235.66666,0
548.58156,236.16666,0
548.58156,236.66666,0
548.58156,237.16666,0
548.58156,237.66666,0
548.58156,238.16666,0
548.58156,238.66666,0
548.58156,239.16666,0
548.58156,239.66666,0
548.58156,240.16666,0
548.58156,240.66666,0
548.58156,241.16666,0
548.58156,241.66666,0
548.58156,242.16666,0
548.58156,242.66666,0
548.58156,243.16666,0
548.58156,243.66666,0
548.58156,244.16666,0
548.58156,244.66666,0
548.58156,245.16666,0
548.58156,245.66666,0
548.58156,246.16666,0
548.58156,246.66666,0
548.58156,247.16666,0
548.58156,247.66666,0
548.58156,248.16666,0
548.58156,248.66666,0
548.58156,249.16666,0
548.58156,249.66666,0
548.58156,250.16666,0
548.58156,250.66666,0
548.58156,251.16666,0
548.58156,251.66666,0
548.58156,252.16666,0
548.58156,252.66666,0
548.58156,253.16666,0
548.58156,253.66666,0
548.58156,254.16666,0
548.58156,254.66666,0
548.58156,255.16666,0
548.58156,255.66666,0
548.58156,256.16666,0
548.58156,256.66666,0
548.58156,257.16666,0
548.58156,257.66666,0
548.58156,258.16666,0
548.58156,258.66666,0
548.58156,259.16666,0
548.58156,259.66666,0
548.58156,260.16666,0
548.58156,260.66666,0
548.58156,261.16666,0
548.58156,261.66666,0
548.58156,262.16666,0
548.58156,262.66666,0
548.58156,263.16666,0
548.58156,263.66666,0
548.58156,264.16666,0
548.58156,264.66666,0
548.58156,265.16666,0
548.58156,265.66666,0
548.58156,266.16666,0
548.58156,266.66666,0
548.58156,267.16666,0
548.58156,267.66666,0
548.58156,268.16666,0
548.58156,268.66666,0
548.58156,269.16666,0
548.58156,269.66666,0
548.58156,270.16666,0
548.58156,270.66666,0
548.58156,271.16666,0
548.58156,271.66666,0
548.58156,272.16666,0
548.58156,272.66666,0
548.58156,273.16666,0
548.58156,273.66666,0
548.58156,274.16666,0
548.58156,274.66666,0
548.58156,275.16666,0
548.58156,275.66666,0
548.58156,276.16666,0
548.58156,276.66666,0
548.58156,277.16666,0
548.58156,277.66666,0
548.58156,278.16666,0
548.58156,278.66666,0
548.58156,279.16666,0
548.58156,279.66666,0
548.58156,280.16666,0
548.58156,280.66666,0
548.58156,281.16666,0
548.58156,281.66666,0
548.58156,282.16666,0
548.58156,282.66666,0
548.58156,283.16666,0
548.58156,283.66666,0
548.58156,284.16666,0
548.58156,284.66666,0
548.58156,285.16666,0
548.58156,285.66666,0
548.58156,286.16666,0
548.58156,286.66666,0
548.58156,287.16666,0
548.58156,287.66666,0
548.58156,288.16666,0
548.58156,288.66666,0
548.58156,289.16666,0
548.58156,289.66666,0
548.58156,290.16666,0
548.58156,290.66666,0
548.58156,291.16666,0
548.58156,291.66666,0
548.58156,292.16666,0
548.58156,292.66666,0
548.58156,293.16666,0
548.58156,293.66666,0
548.58156,294.16666,0
548.58156,294.66666,0
548.58156,295.16666,0
548.58156,295.66666,0
548.58156,296.16666,0
548.58156,296.66666,0
548.58156,297.16666,0
548.58156,297.66666,0
548.58156,298.16666,0
548.58156,298.66666,0
548.58156,299.16666,0
548.58156,299.66666,0
548.58156,300.16666,0
548.58156,300.66666,0
548.58156,301.16666,0
548.58156,301.66666,0
548.58156,302.16666,0
548.58156,302.66666,0
548.58156,303.16666,0
548.58156,303.66666,0
548.58156,304.16666,0
548.58156,304.66666,0
548.58156,305.16666,0
548.58156,305.66666,0
548.58156,306.16666,0
548.58156,306.66666,0
548.58156,307.16666,0
548.58156,307.66666,0
548.58156,308.16666,0
548.58156,308.66666,0
548.58156,309.16666,0
548.58156,309.66666,0
548.58156,310.16666,0
548.58156,310.66666,0
548.58156,311.16666,0
548.58156,311.66666,0
548.58156,312.16666,0
548.58156,312.66666,0
548.58156,313.16666,0
548.58156,313.66666,0
548.58156,314.16666,0
548.58156,314.66666,0
548.58156,315.16666,0
548.58156,315.66666,0
548.58156,316.16666,0
548.58156,316.66666,0
548.58156,317.16666,0
548.58156,317.66666,0
548.58156,318.16666,0
548.58156,318.66666,0
548.58156,319.16666,0
548.58156,319.66666,0
548.58156,320.16666,0
548.58156,320.66666,0
548.58156,321.16666,0
548.58156,321.66666,0
548.58156,322.16666,0
548.58156,322.66666,0
548.58156,323.16666,0
548.58156,323.66666,0
548.58156,324.16666,0
548.58156,324.66666,0
548.58156,325.16666,0
548.58156,325.66666,0
548.58156,326.16666,0
548.58156,326.66666,0
548.58156,327.16666,0
548.58156,327.66666,0
548.58156,328.16666,0
548.58156,328.66666,0
548.58156,329.16666,0
548.58156,329.66666,0
548.58156,330.16666,0
548.58156,330.66666,0
548.58156,331.16666,0
548.58156,331.66666,0
548.58156,332.16666,0
548.58156,332.66666,0
548.58156,333.16666,0
548.58156,333.66666,0
548.58156,334.16666,0
548.58156,334.66666,0
548.58156,335.16666,0
548.58156,335.66666,0
548.58156,336.16666,0
548.58156,336.66666,0
548.58156,337.16666,0
548.58156,337.66666,0
548.58156,338.16666,0
548.58156,338.66666,0
548.58156,339.16666,0
548.58156,339.66666,0
548.58156,340.16666,0
548.58156,340.66666,0
548.58156,341.16666,0
548.58156,341.66666,0
548.58156,342.16666,0
548.58156,342.66666,0
548.58156,343.16666,0
548.58156,343.66666,0
548.58156,344.16666,0
548.58156,344.66666,0
548.58156,345.16666,0
548.58156,345.66666,0
548.58156,346.16666,0
548.58156,346.66666,0
548.58156,347.04964,0
548.58156,347.04964,0
548.081591916,347.043990644,0
547.581623832,347.038341287,0
547.081655749,347.032691931,0
546.581687665,347.027042574,0
546.081719581,347.021393218,0
545.581751497,347.015743862,0
545.081783414,347.010094505,0
544.58181533,347.004445149,0
544.081847246,346.998795793,0
543.581879162,346.993146436,0
543.081911079,346.98749708,0
542.581942995,346.981847723,0
542.081974911,346.976198367,0
541.582006827,346.970549011,0
541.082038744,346.964899654,0
540.58207066,346.959250298,0
540.082102576,346.953600941,0
539.582134492,346.947951585,0
539.082166409,346.942302229,0
538.582198325,346.936652872,0
538.082230241,346.931003516,0
537.582262157,346.92535416,0
537.082294074,346.919704803,0
536.58232599,346.914055447,0
536.082357906,346.90840609,0
535.582389822,346.902756734,0
535.082421739,346.897107378,0
534.582453655,346.891458021,0
534.082485571,346.885808665,0
533.582517487,346.880159308,0
533.082549404,346.874509952,0
532.58258132,346.868860596,0
532.082613236,346.863211239,0
531.582645152,346.857561883,0
531.082677069,346.851912527,0
530.582708985,346.84626317,0
530.082740901,346.840613814,0
529.582772817,346.834964457,0
529.082804734,346.829315101,0
528.58283665,346.823665745,0
528.082868566,346.818016388,0
527.582900482,346.812367032,0
527.082932399,346.806717675,0
526.582964315,346.801068319,0
526.082996231,346.795418963,0
525.583028147,346.789769606,0
525.083060064,346.78412025,0
524.58309198,346.778470894,0
524.083123896,346.772821537,0
523.583155812,346.767172181,0
523.083187729,346.761522824,0
522.583219645,346.755873468,0
522.083251561,346.750224112,0
521.583283477,346.744574755,0
521.083315394,346.738925399,0
520.58334731,346.733276042,0
520.083379226,346.727626686,0
519.583411142,346.72197733,0
519.083443059,346.716327973,0
518.583474975,346.710678617,0
518.083506891,346.705029261,0
517.583538807,346.699379904,0
517.083570724,346.693730548,0
516.58360264,346.688081191,0
516.083634556,346.682431835,0
515.583666472,346.676782479,0
515.083698388,346.671133122,0
514.583730305,346.665483766,0
514.083762221,346.65983441,0
513.583794137,346.654185053,0
513.083826053,346.648535697,0
512.58385797,346.64288634,0
512.083889886,346.637236984,0
511.583921802,346.631587628,0
511.083953718,346.625938271,0
510.583985635,346.620288915,0
510.084017551,346.614639558,0
509.584049467,346.608990202,0
509.084081383,346.603340846,0
508.5841133,346.597691489,0
508.084145216,346.592042133,0
507.584177132,346.586392777,0
507.084209048,346.58074342,0
506.584240965,346.575094064,0
506.084272881,346.569444707,0
505.584304797,346.563795351,0
505.084336713,346.558145995,0
504.58436863,346.552496638,0
504.084400546,346.546847282,0
503.584432462,346.541197925,0
503.084464378,346.535548569,0
502.584496295,346.529899213,0
502.084528211,346.524249856,0
501.584560127,346.5186005,0
501.084592043,346.512951144,0
500.58462396,346.507301787,0
500.084655876,346.501652431,0
499.584687792,346.496003074,0
499.084719708,346.490353718,0
498.584751625,346.484704362,0
498.084783541,346.479055005,0
497.584815457,346.473405649,0
497.084847373,346.467756292,0
496.58487929,346.462106936,0
496.084911206,346.45645758,0
495.584943122,346.450808223,0
495.084975038,346.445158867,0
494.585006955,346.439509511,0
494.085038871,346.433860154,0
493.585070787,346.428210798,0
493.085102703,346.422561441,0
492.58513462,346.416912085,0
492.085166536,346.411262729,0
491.585198452,346.405613372,0
491.085230368,346.399964016,0
490.585262285,346.394314659,0
490.085294201,346.388665303,0
489.585326117,346.383015947,0
489.085358033,346.37736659,0
488.58538995,346.371717234,0
488.085421866,346.366067878,0
487.585453782,346.360418521,0
487.085485698,346.354769165,0
486.585517615,346.349119808,0
486.085549531,346.343470452,0
485.585581447,346.337821096,0
485.085613363,346.332171739,0
484.58564528,346.326522383,0
484.085677196,346.320873026,0
483.585709112,346.31522367,0
483.085741028,346.309574314,0
482.585772944,346.303924957,0
482.085804861,346.298275601,0
481.585836777,346.292626245,0
481.085868693,346.286976888,0
480.585900609,346.281327532,0
480.085932526,346.275678175,0
479.585964442,346.270028819,0
479.085996358,346.264379463,0
478.586028274,346.258730106,0
478.086060191,346.25308075,0
477.586092107,346.247431393,0
477.086124023,346.241782037,0
476.586155939,346.236132681,0
476.086187856,346.230483324,0
475.586219772,346.224833968,0
475.086251688,346.219184612,0
474.586283604,346.213535255,0
474.086315521,346.207885899,0
473.586347437,346.202236542,0
473.086379353,346.196587186,0
472.586411269,346.19093783,0
472.086443186,346.185288473,0
471.586475102,346.179639117,0
471.086507018,346.17398976,0
470.586538934,346.168340404,0
470.086570851,346.162691048,0
469.586602767,346.157041691,0
469.086634683,346.151392335,0
468.586666599,346.145742979,0
468.086698516,346.140093622,0
467.586730432,346.134444266,0
467.086762348,346.128794909,0
466.586794264,346.123145553,0
466.086826181,346.117496197,0
465.586858097,346.11184684,0
465.086890013,346.106197484,0
464.586921929,346.100548127,0
464.086953846,346.094898771,0
463.586985762,346.089249415,0
463.087017678,346.083600058,0
462.587049594,346.077950702,0
462.087081511,346.072301346,0
461.587113427,346.066651989,0
461.087145343,346.061002633,0
460.587177259,346.055353276,0
460.087209176,346.04970392,0
459.587241092,346.044054564,0
459.087273008,346.038405207,0
458.587304924,346.032755851,0
458.087336841,346.027106494,0
457.587368757,346.021457138,0
457.087400673,346.015807782,0
456.587432589,346.010158425,0
456.087464506,346.004509069,0
455.587496422,345.998859713,0
455.087528338,345.993210356,0
454.587560254,345.987561,0
454.087592171,345.981911643,0
453.587624087,345.976262287,0
453.087656003,345.970612931,0
452.587687919,345.964963574,0
452.087719836,345.959314218,0
451.587751752,345.953664861,0
451.087783668,345.948015505,0
450.587815584,345.942366149,0
450.087847501,345.936716792,0
449.587879417,345.931067436,0
449.087911333,345.92541808,0
448.587943249,345.919768723,0
448.087975165,345.914119367,0
447.588007082,345.90847001,0
447.088038998,345.902820654,0
446.588070914,345.897171298,0
446.08810283,345.891521941,0
445.588134747,345.885872585,0
445.088166663,345.880223229,0
444.588198579,345.874573872,0
444.088230495,345.868924516,0
443.588262412,345.863275159,0
443.088294328,345.857625803,0
442.588326244,345.851976447,0
442.08835816,345.84632709,0
441.588390077,345.840677734,0
441.088421993,345.835028377,0
440.588453909,345.829379021,0
440.088485825,345.823729665,0
439.588517742,345.818080308,0
439.088549658,345.812430952,0
438.588581574,345.806781596,0
438.08861349,345.801132239,0
437.588645407,345.795482883,0
437.088677323,345.789833526,0
436.588709239,345.78418417,0
436.088741155,345.778534814,0
435.588773072,345.772885457,0
435.088804988,345.767236101,0
434.588836904,345.761586744,0
434.08886882,345.755937388,0
433.588900737,345.750288032,0
433.088932653,345.744638675,0
432.588964569,345.738989319,0
432.088996485,345.733339963,0
431.589028402,345.727690606,0
431.089060318,345.72204125,0
430.589092234,345.716391893,0
430.08912415,345.710742537,0
429.589156067,345.705093181,0
429.089187983,345.699443824,0
428.589219899,345.693794468,0
428.089251815,345.688145111,0
427.589283732,345.682495755,0
427.089315648,345.676846399,0
426.589347564,345.671197042,0
426.08937948,345.665547686,0
425.589411397,345.65989833,0
425.089443313,345.654248973,0
424.589475229,345.648599617,0
424.089507145,345.64295026,0
423.589539062,345.637300904,0
423.089570978,345.631651548,0
422.589602894,345.626002191,0
422.08963481,345.620352835,0
421.589666727,345.614703478,0
421.089698643,345.609054122,0
420.589730559,345.603404766,0
420.089762475,345.597755409,0
419.589794392,345.592106053,0
419.089826308,345.586456697,0
418.589858224,345.58080734,0
418.08989014,345.575157984,0
417.589922057,345.569508627,0
417.089953973,345.563859271,0
416.589985889,345.558209915,0
416.090017805,345.552560558,0
415.590049721,345.546911202,0
415.090081638,345.541261845,0
414.590113554,345.535612489,0
414.09014547,345.529963133,0
413.590177386,345.524313776,0
413.090209303,345.51866442,0
412.590241219,345.513015064,0
412.090273135,345.507365707,0
411.590305051,345.501716351,0
411.090336968,345.496066994,0
410.590368884,345.490417638,0
410.0904008,345.484768282,0
409.590432716,345.479118925,0
409.090464633,345.473469569,0
408.590496549,345.467820212,0
408.090528465,345.462170856,0
407.590560381,345.4565215,0
407.090592298,345.450872143,0
406.590624214,345.445222787,0
406.09065613,345.439573431,0
405.590688046,345.433924074,0
405.090719963,345.428274718,0
404.590751879,345.422625361,0
404.090783795,345.416976005,0
403.590815711,345.411326649,0
403.090847628,345.405677292,0
402.590879544,345.400027936,0
402.09091146,345.394378579,0
401.590943376,345.388729223,0
401.090975293,345.383079867,0
400.591007209,345.37743051,0
400.091039125,345.371781154,0
399.591071041,345.366131798,0
399.091102958,345.360482441,0
398.591134874,345.354833085,0
398.09116679,345.349183728,0
397.591198706,345.343534372,0
397.091230623,345.337885016,0
396.591262539,345.332235659,0
396.091294455,345.326586303,0
395.591326371,345.320936946,0
395.091358288,345.31528759,0
394.591390204,345.309638234,0
394.09142212,345.303988877,0
393.591454036,345.298339521,0
393.091485953,345.292690165,0
392.591517869,345.287040808,0
392.091549785,345.281391452,0
391.591581701,345.275742095,0
391.091613618,345.270092739,0
390.591645534,345.264443383,0
390.09167745,345.258794026,0
389.591709366,345.25314467,0
389.091741283,345.247495313,0
388.591773199,345.241845957,0
388.091805115,345.236196601,0
387.591837031,345.230547244,0
387.091868948,345.224897888,0
386.591900864,345.219248532,0
386.09193278,345.213599175,0
385.591964696,345.207949819,0
385.091996613,345.202300462,0
384.592028529,345.196651106,0
384.092060445,345.19100175,0
383.592092361,345.185352393,0
383.092124277,345.179703037,0
382.592156194,345.174053681,0
382.09218811,345.168404324,0
381.592220026,345.162754968,0
381.092251942,345.157105611,0
380.592283859,345.151456255,0
380.092315775,345.145806899,0
379.592347691,345.140157542,0
379.092379607,345.134508186,0
378.592411524,345.128858829,0
378.09244344,345.123209473,0
377.592475356,345.117560117,0
377.092507272,345.11191076,0
376.592539189,345.106261404,0
376.092571105,345.100612048,0
375.592603021,345.094962691,0
375.092634937,345.089313335,0
374.592666854,345.083663978,0
374.09269877,345.078014622,0
373.592730686,345.072365266,0
373.092762602,345.066715909,0
372.592794519,345.061066553,0
372.092826435,345.055417196,0
371.592858351,345.04976784,0
371.092890267,345.044118484,0
370.592922184,345.038469127,0
370.0929541,345.032819771,0
369.592986016,345.027170415,0
369.093017932,345.021521058,0
368.593049849,345.015871702,0
368.093081765,345.010222345,0
367.593113681,345.004572989,0
367.093145597,344.998923633,0
366.593177514,344.993274276,0
366.09320943,344.98762492,0
365.593241346,344.981975563,0
365.093273262,344.976326207,0
364.593305179,344.970676851,0
364.093337095,344.965027494,0
363.593369011,344.959378138,0
363.093400927,344.953728782,0
362.593432844,344.948079425,0
362.09346476,344.942430069,0
361.593496676,344.936780712,0
361.093528592,344.931131356,0
360.593560509,344.925482,0
360.093592425,344.919832643,0
359.593624341,344.914183287,0
359.093656257,344.90853393,0
358.593688174,344.902884574,0
358.09372009,344.897235218,0
357.593752006,344.891585861,0
357.093783922,344.885936505,0
356.593815839,344.880287149,0
356.093847755,344.874637792,0
355.593879671,344.868988436,0
355.093911587,344.863339079,0
354.593943504,344.857689723,0
354.09397542,344.852040367,0
353.594007336,344.84639101,0
353.094039252,344.840741654,0
352.594071169,344.835092297,0
352.094103085,344.829442941,0
351.594135001,344.823793585,0
351.094166917,344.818144228,0
350.594198833,344.812494872,0
350.09423075,344.806845516,0
349.594262666,344.801196159,0
349.094294582,344.795546803,0
348.594326498,344.789897446,0
348.094358415,344.78424809,0
347.594390331,344.778598734,0
347.094422247,344.772949377,0
346.594454163,344.767300021,0
346.09448608,344.761650664,0
345.594517996,344.756001308,0
345.094549912,344.750351952,0
344.594581828,344.744702595,0
344.094613745,344.739053239,0
343.594645661,344.733403883,0
343.094677577,344.727754526,0
342.594709493,344.72210517,0
342.09474141,344.716455813,0
341.594773326,344.710806457,0
341.094805242,344.705157101,0
340.594837158,344.699507744,0
340.094869075,344.693858388,0
339.594900991,344.688209031,0
339.094932907,344.682559675,0
338.594964823,344.676910319,0
338.09499674,344.671260962,0
337.595028656,344.665611606,0
337.095060572,344.65996225,0
336.595092488,344.654312893,0
336.095124405,344.648663537,0
335.595156321,344.64301418,0
335.095188237,344.637364824,0
334.595220153,344.631715468,0
334.09525207,344.626066111,0
333.595283986,344.620416755,0
333.095315902,344.614767398,0
332.595347818,344.609118042,0
332.095379735,344.603468686,0
331.595411651,344.597819329,0
331.095443567,344.592169973,0
330.595475483,344.586520617,0
330.0955074,344.58087126,0
329.595539316,344.575221904,0
329.095571232,344.569572547,0
328.595603148,344.563923191,0
328.095635065,344.558273835,0
327.595666981,344.552624478,0
327.095698897,344.546975122,0
326.595730813,344.541325765,0
326.09576273,344.535676409,0
325.595794646,344.530027053,0
325.095826562,344.524377696,0
324.595858478,344.51872834,0
324.095890395,344.513078984,0
323.595922311,344.507429627,0
323.095954227,344.501780271,0
322.595986143,344.496130914,0
322.09601806,344.490481558,0
321.596049976,344.484832202,0
321.096081892,344.479182845,0
320.596113808,344.473533489,0
320.11348,344.46808,0
320.11348,344.46808,0
320.11348,343.96808,0
320.11348,343.46808,0
320.11348,342.96808,0
320.11348,342.46808,0
320.11348,341.96808,0
320.11348,341.46808,0
320.11348,340.96808,0
320.11348,340.46808,0
320.11348,339.96808,0
320.11348,339.46808,0
320.11348,338.96808,0
320.11348,338.46808,0
320.11348,337.96808,0
320.11348,337.46808,0
320.11348,336.96808,0
320.11348,336.46808,0
320.11348,335.96808,0
320.11348,335.46808,0
320.11348,334.96808,0
320.11348,334.46808,0
320.11348,333.96808,0
320.11348,333.46808,0
320.11348,332.96808,0
320.11348,332.46808,0
320.11348,331.96808,0
320.11348,331.46808,0
320.11348,330.96808,0
320.11348,330.46808,0
320.11348,329.96808,0
320.11348,329.46808,0
320.11348,328.96808,0
320.11348,328.46808,0
320.11348,327.96808,0
320.11348,327.46808,0
320.11348,326.96808,0
320.11348,326.46808,0
320.11348,325.96808,0
320.11348,325.46808,0
320.11348,324.96808,0
320.11348,324.46808,0
320.11348,323.96808,0
320.11348,323.46808,0
320.11348,322.96808,0
320.11348,322.46808,0
320.11348,321.96808,0
320.11348,321.46808,0
320.11348,320.96808,0
320.11348,320.46808,0
320.11348,319.96808,0
320.11348,319.46808,0
320.11348,318.96808,0
320.11348,318.46808,0
320.11348,317.96808,0
320.11348,317.46808,0
320.11348,316.96808,0
320.11348,316.46808,0
320.11348,315.96808,0
320.11348,315.46808,0
320.11348,314.96808,0
320.11348,314.46808,0
320.11348,313.96808,0
320.11348,313.46808,0
320.11348,312.96808,0
320.11348,312.46808,0
320.11348,311.96808,0
320.11348,311.46808,0
320.11348,310.96808,0
320.11348,310.46808,0
320.11348,309.96808,0
320.11348,309.46808,0
320.11348,308.96808,0
320.11348,308.46808,0
320.11348,307.96808,0
320.11348,307.46808,0
320.11348,306.96808,0
320.11348,306.46808,0
320.11348,305.96808,0
320.11348,305.46808,0
320.11348,304.96808,0
320.11348,304.46808,0
320.11348,303.96808,0
320.11348,303.46808,0
320.11348,302.96808,0
320.11348,302.46808,0
320.11348,301.96808,0
320.11348,301.46808,0
320.11348,300.96808,0
320.11348,300.46808,0
320.11348,299.96808,0
320.11348,299.46808,0
320.11348,298.96808,0
320.11348,298.46808,0
320.11348,297.96808,0
320.11348,297.46808,0
320.11348,296.96808,0
320.11348,296.46808,0
320.11348,295.96808,0
320.11348,295.46808,0
320.11348,294.96808,0
320.11348,294.46808,0
320.11348,293.96808,0
320.11348,293.46808,0
320.11348,292.96808,0
320.11348,292.46808,0
320.11348,291.96808,0
320.11348,291.46808,0
320.11348,290.96808,0
320.11348,290.46808,0
320.11348,289.96808,0
320.11348,289.46808,0
320.11348,288.96808,0
320.11348,288.46808,0
320.11348,287.96808,0
320.11348,287.46808,0
320.11348,286.96808,0
320.11348,286.46808,0
320.11348,285.96808,0
320.11348,285.46808,0
320.11348,284.96808,0
320.11348,284.46808,0
320.11348,283.96808,0
320.11348,283.46808,0
320.11348,282.96808,0
320.11348,282.46808,0
320.11348,281.96808,0
320.11348,281.46808,0
320.11348,280.96808,0
320.11348,280.46808,0
320.11348,279.96808,0
320.11348,279.46808,0
320.11348,278.96808,0
320.11348,278.46808,0
320.11348,277.96808,0
320.11348,277.46808,0
320.11348,276.96808,0
320.11348,276.46808,0
320.11348,275.96808,0
320.11348,275.46808,0
320.11348,274.96808,0
320.11348,274.46808,0
320.11348,273.96808,0
320.11348,273.46808,0
320.11348,272.96808,0
320.11348,272.46808,0
320.11348,271.96808,0
320.11348,271.46808,0
320.11348,270.96808,0
320.11348,270.46808,0
320.11348,269.96808,0
320.11348,269.46808,0
320.11348,268.96808,0
320.11348,268.46808,0
320.11348,267.96808,0
320.11348,267.46808,0
320.11348,266.96808,0
320.11348,266.46808,0
320.11348,265.96808,0
320.11348,265.46808,0
320.11348,264.96808,0
320.11348,264.46808,0
320.11348,263.96808,0
320.11348,263.46808,0
320.11348,262.96808,0
320.11348,262.46808,0
320.11348,261.96808,0
320.11348,261.46808,0
320.11348,260.96808,0
320.11348,260.46808,0
320.11348,259.96808,0
320.11348,259.46808,0
320.11348,258.96808,0
320.11348,258.46808,0
320.11348,257.96808,0
320.11348,257.46808,0
320.11348,256.96808,0
320.11348,256.46808,0
320.11348,255.96808,0
320.11348,255.46808,0
320.11348,254.96808,0
320.11348,254.46808,0
320.11348,253.96808,0
320.11348,253.46808,0
320.11348,252.96808,0
320.11348,252.46808,0
320.11348,251.96808,0
320.11348,251.46808,0
320.11348,250.96808,0
320.11348,250.46808,0
320.11348,249.96808,0
320.11348,249.46808,0
320.11348,248.96808,0
320.11348,248.46808,0
320.11348,247.96808,0
320.11348,247.46808,0
320.11348,246.96808,0
320.11348,246.46808,0
320.11348,245.96808,0
320.11348,245.46808,0
320.11348,244.96808,0
320.11348,244.46808,0
320.11348,243.96808,0
320.11348,243.46808,0
320.11348,242.96808,0
320.11348,242.46808,0
320.11348,241.96808,0
320.11348,241.46808,0
320.11348,240.96808,0
320.11348,240.46808,0
320.11348,239.96808,0
320.11348,239.46808,0
320.11348,238.96808,0
320.11348,238.46808,0
320.11348,237.96808,0
320.11348,237.46808,0
320.11348,236.96808,0
320.11348,236.46808,0
320.11348,235.96808,0
320.11348,235.46808,0
320.11348,234.96808,0
320.11348,234.46808,0
320.11348,233.96808,0
320.11348,233.46808,0
320.11348,232.96808,0
320.11348,232.46808,0
320.11348,231.96808,0
320.11348,231.46808,0
320.11348,230.96808,0
320.11348,230.46808,0
320.11348,229.96808,0
320.11348,229.46808,0
320.11348,228.96808,0
320.11348,228.46808,0
320.11348,227.96808,0
320.11348,227.46808,0
320.11348,226.96808,0
320.11348,226.46808,0
320.11348,225.96808,0
320.11348,225.46808,0
320.11348,224.96808,0
320.11348,224.46808,0
320.11348,223.96808,0
320.11348,223.46808,0
320.11348,222.96808,0
320.11348,222.46808,0
320.11348,221.96808,0
320.11348,221.46808,0
320.11348,220.96808,0
320.11348,220.46808,0
320.11348,219.96808,0
320.11348,219.46808,0
320.11348,218.96808,0
320.11348,218.46808,0
320.11348,217.96808,0
320.11348,217.46808,0
320.11348,216.96808,0
320.11348,216.46808,0
320.11348,215.96808,0
320.11348,215.46808,0
320.11348,214.96808,0
320.11348,214.46808,0
320.11348,213.96808,0
320.11348,213.46808,0
320.11348,212.96808,0
320.11348,212.46808,0
320.11348,211.96808,0
320.11348,211.46808,0
320.11348,210.96808,0
320.11348,210.46808,0
320.11348,209.96808,0
320.11348,209.46808,0
320.11348,208.96808,0
320.11348,208.46808,0
320.11348,207.96808,0
320.11348,207.46808,0
320.11348,206.96808,0
320.11348,206.46808,0
320.11348,205.96808,0
320.11348,205.46808,0
320.11348,204.96808,0
320.11348,204.46808,0
320.11348,203.96808,0
320.11348,203.46808,0
320.11348,202.96808,0
320.11348,202.46808,0
320.11348,201.96808,0
320.11348,201.46808,0
320.11348,200.96808,0
320.11348,200.46808,0
320.11348,199.96808,0
320.11348,199.46808,0
320.11348,198.96808,0
320.11348,198.46808,0
320.11348,197.96808,0
320.11348,197.46808,0
320.11348,196.96808,0
320.11348,196.46808,0
320.11348,195.96808,0
320.11348,195.46808,0
320.11348,194.96808,0
320.11348,194.46808,0
320.11348,193.96808,0
320.11348,193.46808,0
320.11348,192.96808,0
320.11348,192.46808,0
320.11348,191.96808,0
320.11348,191.46808,0
320.11348,190.96808,0
320.11348,190.46808,0
320.11348,189.96808,0
320.11348,189.46808,0
320.11348,188.96808,0
320.11348,188.46808,0
320.11348,187.96808,0
320.11348,187.46808,0
320.11348,186.96808,0
320.11348,186.46808,0
320.11348,185.96808,0
320.11348,185.46808,0
320.11348,184.96808,0
320.11348,184.46808,0
320.11348,183.96808,0
320.11348,183.46808,0
320.11348,182.96808,0
320.11348,182.46808,0
320.11348,181.96808,0
320.11348,181.46808,0
320.11348,180.96808,0
320.11348,180.46808,0
320.11348,179.96808,0
320.11348,179.46808,0
320.11348,178.96808,0
320.11348,178.46808,0
320.11348,177.96808,0
320.11348,177.46808,0
320.11348,176.96808,0
320.11348,176.46808,0
320.11348,175.96808,0
320.11348,175.46808,0
320.11348,174.96808,0
320.11348,174.46808,0
320.11348,173.96808,0
320.11348,173.46808,0
320.11348,172.96808,0
320.11348,172.46808,0
320.11348,171.96808,0
320.11348,171.46808,0
320.11348,170.96808,0
320.11348,170.46808,0
320.11348,169.96808,0
320.11348,169.46808,0
320.11348,168.96808,0
320.11348,168.46808,0
320.11348,167.96808,0
320.11348,167.46808,0
320.11348,166.96808,0
320.11348,166.46808,0
320.11348,165.96808,0
320.11348,165.46808,0
320.11348,164.96808,0
320.11348,164.46808,0
320.11348,163.96808,0
320.11348,163.46808,0
320.11348,162.96808,0
320.11348,162.46808,0
320.11348,162.46808,0
320.11348,162.46808,0
320.489768347,162.138827696,0
320.866056695,161.809575392,0
321.242345042,161.480323088,0
321.618633389,161.151070784,0
321.994921737,160.82181848,0
322.371210084,160.492566176,0
322.747498431,160.163313872,0
323.123786779,159.834061569,0
323.500075126,159.504809265,0
323.876363474,159.175556961,0
324.252651821,158.846304657,0
324.628940168,158.517052353,0
325.005228516,158.187800049,0
325.381516863,157.858547745,0
325.75780521,157.529295441,0
326.134093558,157.200043137,0
326.510381905,156.870790833,0
326.886670252,156.541538529,0
327.2629586,156.212286225,0
327.639246947,155.883033921,0
328.015535294,155.553781617,0
328.391823642,155.224529313,0
328.768111989,154.89527701,0
329.144400336,154.566024706,0
329.520688684,154.236772402,0
329.896977031,153.907520098,0
330.273265379,153.578267794,0
330.43972,153.43262,0
